fixIdx,time,lat,lng,alt,tickLead,tickRace,zoneIdx,legIdx,togo,area
1,2017-01-04T02:04:49Z,-33.35605000,147.93206667,213.00,,,,,,
2,2017-01-04T02:05:19Z,-33.35603333,147.93206667,214.00,,,,,,
3,2017-01-04T02:05:49Z,-33.35603333,147.93206667,213.00,,,,,,
4,2017-01-04T02:06:19Z,-33.35606667,147.93206667,213.00,,,,,,
5,2017-01-04T02:06:50Z,-33.35606667,147.93205000,213.00,,,,,,
6,2017-01-04T02:07:20Z,-33.35606667,147.93205000,214.00,,,,,,
7,2017-01-04T02:07:50Z,-33.35608333,147.93211667,214.00,,,,,,
8,2017-01-04T02:08:20Z,-33.35606667,147.93215000,214.00,,,,,,
9,2017-01-04T02:08:50Z,-33.35608333,147.93210000,213.00,,,,,,
10,2017-01-04T02:09:20Z,-33.35603333,147.93261667,207.00,,,,,,
11,2017-01-04T02:09:50Z,-33.35491667,147.93851667,288.00,,,,,,
12,2017-01-04T02:09:55Z,-33.35476667,147.93951667,295.00,,,,,,
13,2017-01-04T02:10:00Z,-33.35476667,147.94056667,318.00,,,,,,
14,2017-01-04T02:10:05Z,-33.35485000,147.94165000,342.00,,,,,,
15,2017-01-04T02:10:10Z,-33.35503333,147.94266667,348.00,,,,,,
16,2017-01-04T02:10:15Z,-33.35545000,147.94358333,372.00,,,,,,
17,2017-01-04T02:10:20Z,-33.35566667,147.94461667,388.00,,,,,,
18,2017-01-04T02:10:25Z,-33.35605000,147.94558333,407.00,,,,,,
19,2017-01-04T02:10:30Z,-33.35656667,147.94625000,430.00,,,,,,
20,2017-01-04T02:10:35Z,-33.35700000,147.94670000,464.00,,,,,,
21,2017-01-04T02:10:40Z,-33.35740000,147.94700000,484.00,,,,,,
22,2017-01-04T02:10:45Z,-33.35815000,147.94716667,496.00,,,,,,
23,2017-01-04T02:10:50Z,-33.35895000,147.94730000,502.00,,,,,,
24,2017-01-04T02:10:55Z,-33.35978333,147.94733333,508.00,,,,,,
25,2017-01-04T02:11:00Z,-33.36061667,147.94741667,515.00,,,,,,
26,2017-01-04T02:11:05Z,-33.36151667,147.94753333,526.00,,,,,,
27,2017-01-04T02:11:10Z,-33.36233333,147.94770000,535.00,,,,,,
28,2017-01-04T02:11:15Z,-33.36310000,147.94781667,548.00,,,,,,
29,2017-01-04T02:11:20Z,-33.36388333,147.94788333,553.00,,,,,,
30,2017-01-04T02:11:25Z,-33.36460000,147.94806667,557.00,,,,,,
31,2017-01-04T02:11:30Z,-33.36531667,147.94838333,564.00,,,,,,
32,2017-01-04T02:11:35Z,-33.36586667,147.94891667,567.00,,,,,,
33,2017-01-04T02:11:40Z,-33.36640000,147.94951667,575.00,,,,,,
34,2017-01-04T02:11:45Z,-33.36670000,147.95025000,579.00,,,,,,
35,2017-01-04T02:11:50Z,-33.36688333,147.95108333,582.00,,,,,,
36,2017-01-04T02:11:55Z,-33.36670000,147.95196667,594.00,,,,,,
37,2017-01-04T02:12:00Z,-33.36623333,147.95268333,597.00,,,,,,
38,2017-01-04T02:12:05Z,-33.36563333,147.95326667,598.00,,,,,,
39,2017-01-04T02:12:10Z,-33.36493333,147.95383333,610.00,,,,,,
40,2017-01-04T02:12:15Z,-33.36411667,147.95411667,618.00,,,,,,
41,2017-01-04T02:12:20Z,-33.36310000,147.95408333,621.00,,,,,,
42,2017-01-04T02:12:25Z,-33.36218333,147.95403333,638.00,,,,,,
43,2017-01-04T02:12:30Z,-33.36115000,147.95385000,643.00,,,,,,
44,2017-01-04T02:12:35Z,-33.36003333,147.95375000,662.00,,,,,,
45,2017-01-04T02:12:40Z,-33.35915000,147.95296667,663.00,,,,,,
46,2017-01-04T02:12:45Z,-33.35840000,147.95180000,678.00,,,,,,
47,2017-01-04T02:12:50Z,-33.35788333,147.95038333,689.00,,,,,,
48,2017-01-04T02:12:55Z,-33.35756667,147.94886667,702.00,,,,,,
49,2017-01-04T02:13:00Z,-33.35741667,147.94731667,715.00,,,,,,
50,2017-01-04T02:13:05Z,-33.35738333,147.94575000,732.00,,,,,,
51,2017-01-04T02:13:10Z,-33.35745000,147.94431667,742.00,,,,,,
52,2017-01-04T02:13:15Z,-33.35746667,147.94308333,758.00,,,,,,
53,2017-01-04T02:13:20Z,-33.35746667,147.94156667,765.00,,,,,,
54,2017-01-04T02:13:25Z,-33.35738333,147.94026667,772.00,,,,,,
55,2017-01-04T02:13:30Z,-33.35725000,147.93940000,804.00,,,,,,
56,2017-01-04T02:13:35Z,-33.35743333,147.93845000,827.00,,,,,,
57,2017-01-04T02:13:41Z,-33.35768333,147.93765000,830.00,,,,,,
58,2017-01-04T02:13:46Z,-33.35761667,147.93670000,835.00,,,,,,
59,2017-01-04T02:13:51Z,-33.35743333,147.93585000,850.00,,,,,,
60,2017-01-04T02:13:56Z,-33.35675000,147.93558333,866.00,,,,,,
61,2017-01-04T02:14:01Z,-33.35606667,147.93560000,878.00,,,,,,
62,2017-01-04T02:14:06Z,-33.35563333,147.93605000,891.00,,,,,,
63,2017-01-04T02:14:11Z,-33.35571667,147.93668333,908.00,,,,,,
64,2017-01-04T02:14:16Z,-33.35606667,147.93701667,919.00,,,,,,
65,2017-01-04T02:14:21Z,-33.35661667,147.93708333,933.00,,,,,,
66,2017-01-04T02:14:26Z,-33.35720000,147.93710000,954.00,,,,,,
67,2017-01-04T02:14:31Z,-33.35778333,147.93676667,975.00,,,,,,
68,2017-01-04T02:14:36Z,-33.35805000,147.93603333,983.00,,,,,,
69,2017-01-04T02:14:41Z,-33.35788333,147.93518333,1002.00,,,,,,
70,2017-01-04T02:14:46Z,-33.35725000,147.93485000,1014.00,,,,,,
71,2017-01-04T02:14:51Z,-33.35648333,147.93471667,1020.00,,,,,,
72,2017-01-04T02:14:56Z,-33.35593333,147.93515000,1038.00,,,,,,
73,2017-01-04T02:15:01Z,-33.35616667,147.93556667,1057.00,,,,,,
74,2017-01-04T02:15:06Z,-33.35671667,147.93531667,1075.00,,,,,,
75,2017-01-04T02:15:11Z,-33.35701667,147.93428333,1100.00,,,,,,
76,2017-01-04T02:15:16Z,-33.35666667,147.93351667,1109.00,,,,,,
77,2017-01-04T02:15:21Z,-33.35591667,147.93336667,1117.00,,,,,,
78,2017-01-04T02:15:26Z,-33.35541667,147.93393333,1133.00,,,,,,
79,2017-01-04T02:15:31Z,-33.35548333,147.93461667,1146.00,,,,,,
80,2017-01-04T02:15:36Z,-33.35543333,147.93525000,1175.00,,,,,,
81,2017-01-04T02:15:41Z,-33.35483333,147.93491667,1193.00,,,,,,
82,2017-01-04T02:15:46Z,-33.35486667,147.93411667,1214.00,,,,,,
83,2017-01-04T02:15:51Z,-33.35536667,147.93368333,1237.00,,,,,,
84,2017-01-04T02:15:56Z,-33.35573333,147.93406667,1252.00,,,,,,
85,2017-01-04T02:16:01Z,-33.35543333,147.93455000,1272.00,,,,,,
86,2017-01-04T02:16:06Z,-33.35481667,147.93435000,1295.00,,,,,,
87,2017-01-04T02:16:11Z,-33.35451667,147.93351667,1313.00,,,,,,
88,2017-01-04T02:16:16Z,-33.35475000,147.93281667,1326.00,,,,,,
89,2017-01-04T02:16:21Z,-33.35521667,147.93236667,1351.00,,,,,,
90,2017-01-04T02:16:26Z,-33.35570000,147.93251667,1381.00,,,,,,
91,2017-01-04T02:16:31Z,-33.35545000,147.93315000,1403.00,,,,,,
92,2017-01-04T02:16:36Z,-33.35488333,147.93315000,1415.00,,,,,,
93,2017-01-04T02:16:41Z,-33.35443333,147.93230000,1439.00,,,,,,
94,2017-01-04T02:16:46Z,-33.35451667,147.93143333,1461.00,,,,,,
95,2017-01-04T02:16:51Z,-33.35510000,147.93096667,1487.00,,,,,,
96,2017-01-04T02:16:56Z,-33.35570000,147.93081667,1493.00,,,,,,
97,2017-01-04T02:17:01Z,-33.35591667,147.93131667,1499.00,,,,,,
98,2017-01-04T02:17:06Z,-33.35535000,147.93168333,1522.00,,,,,,
99,2017-01-04T02:17:11Z,-33.35473333,147.93163333,1545.00,,,,,,
100,2017-01-04T02:17:16Z,-33.35420000,147.93100000,1567.00,,,,,,
101,2017-01-04T02:17:21Z,-33.35386667,147.93013333,1589.00,,,,,,
102,2017-01-04T02:17:26Z,-33.35385000,147.92916667,1605.00,,,,,,
103,2017-01-04T02:17:31Z,-33.35433333,147.92830000,1628.00,,,,,,
104,2017-01-04T02:17:36Z,-33.35490000,147.92846667,1632.00,,,,,,
105,2017-01-04T02:17:41Z,-33.35520000,147.92893333,1643.00,,,,,,
106,2017-01-04T02:17:46Z,-33.35530000,147.92936667,1645.00,,,,,,
107,2017-01-04T02:17:51Z,-33.35503333,147.92993333,1672.00,,,,,,
108,2017-01-04T02:17:56Z,-33.35450000,147.93003333,1680.00,,,,,,
109,2017-01-04T02:18:01Z,-33.35398333,147.92961667,1691.00,,,,,,
110,2017-01-04T02:18:06Z,-33.35371667,147.92863333,1703.00,,,,,,
111,2017-01-04T02:18:11Z,-33.35405000,147.92766667,1717.00,,,,,,
112,2017-01-04T02:18:16Z,-33.35466667,147.92730000,1731.00,,,,,,
113,2017-01-04T02:18:21Z,-33.35521667,147.92725000,1739.00,,,,,,
114,2017-01-04T02:18:26Z,-33.35586667,147.92706667,1738.00,,,,,,
115,2017-01-04T02:18:31Z,-33.35601667,147.92773333,1749.00,,,,,,
116,2017-01-04T02:18:36Z,-33.35556667,147.92808333,1771.00,,,,,,
117,2017-01-04T02:18:41Z,-33.35493333,147.92796667,1779.00,,,,,,
118,2017-01-04T02:18:46Z,-33.35433333,147.92740000,1791.00,,,,,,
119,2017-01-04T02:18:51Z,-33.35400000,147.92648333,1796.00,,,,,,
120,2017-01-04T02:18:56Z,-33.35423333,147.92551667,1807.00,,,,,,
121,2017-01-04T02:19:01Z,-33.35490000,147.92503333,1822.00,,,,,,
122,2017-01-04T02:19:06Z,-33.35545000,147.92511667,1825.00,,,,,,
123,2017-01-04T02:19:11Z,-33.35565000,147.92558333,1838.00,,,,,,
124,2017-01-04T02:19:16Z,-33.35553333,147.92610000,1850.00,,,,,,
125,2017-01-04T02:19:21Z,-33.35530000,147.92643333,1859.00,,,,,,
126,2017-01-04T02:19:26Z,-33.35478333,147.92651667,1871.00,,,,,,
127,2017-01-04T02:19:31Z,-33.35421667,147.92606667,1880.00,,,,,,
128,2017-01-04T02:19:36Z,-33.35390000,147.92515000,1879.00,,,,,,
129,2017-01-04T02:19:41Z,-33.35395000,147.92405000,1881.00,,,,,,
130,2017-01-04T02:19:46Z,-33.35408333,147.92296667,1882.00,,,,,,
131,2017-01-04T02:19:51Z,-33.35431667,147.92186667,1870.00,,,,,,
132,2017-01-04T02:19:56Z,-33.35498333,147.92110000,1879.00,,,,,,
133,2017-01-04T02:20:01Z,-33.35563333,147.92091667,1872.00,,,,,,
134,2017-01-04T02:20:06Z,-33.35626667,147.92105000,1868.00,,,,,,
135,2017-01-04T02:20:11Z,-33.35668333,147.92143333,1868.00,,,,,,
136,2017-01-04T02:20:16Z,-33.35665000,147.92196667,1868.00,,,,,,
137,2017-01-04T02:20:21Z,-33.35641667,147.92230000,1871.00,,,,,,
138,2017-01-04T02:20:26Z,-33.35635000,147.92236667,1880.00,,,,,,
139,2017-01-04T02:20:31Z,-33.35640000,147.92331667,1886.00,,,,,,
140,2017-01-04T02:20:36Z,-33.35593333,147.92341667,1893.00,,,,,,
141,2017-01-04T02:20:41Z,-33.35513333,147.92308333,1906.00,,,,,,
142,2017-01-04T02:20:46Z,-33.35451667,147.92226667,1911.00,,,,,,
143,2017-01-04T02:20:51Z,-33.35421667,147.92118333,1913.00,,,,,,
144,2017-01-04T02:20:56Z,-33.35433333,147.92005000,1916.00,,,,,,
145,2017-01-04T02:21:01Z,-33.35481667,147.91911667,1915.00,,,,,,
146,2017-01-04T02:21:06Z,-33.35553333,147.91875000,1911.00,,,,,,
147,2017-01-04T02:21:11Z,-33.35605000,147.91901667,1906.00,,,,,,
148,2017-01-04T02:21:16Z,-33.35616667,147.91951667,1907.00,,,,,,
149,2017-01-04T02:21:21Z,-33.35590000,147.91993333,1913.00,,,,,,
150,2017-01-04T02:21:26Z,-33.35556667,147.92025000,1917.00,,,,,,
151,2017-01-04T02:21:31Z,-33.35521667,147.92050000,1916.00,,,,,,
152,2017-01-04T02:21:36Z,-33.35476667,147.92073333,1925.00,,,,,,
153,2017-01-04T02:21:41Z,-33.35421667,147.92090000,1930.00,,,,,,
154,2017-01-04T02:21:46Z,-33.35375000,147.92101667,1934.00,,,,,,
155,2017-01-04T02:21:51Z,-33.35316667,147.92098333,1943.00,,,,,,
156,2017-01-04T02:21:56Z,-33.35255000,147.92088333,1957.00,,,,,,
157,2017-01-04T02:22:01Z,-33.35190000,147.92035000,1967.00,,,,,,
158,2017-01-04T02:22:06Z,-33.35165000,147.91940000,1981.00,,,,,,
159,2017-01-04T02:22:12Z,-33.35185000,147.91848333,1982.00,,,,,,
160,2017-01-04T02:22:17Z,-33.35253333,147.91795000,1985.00,,,,,,
161,2017-01-04T02:22:22Z,-33.35308333,147.91811667,1988.00,,,,,,
162,2017-01-04T02:22:27Z,-33.35335000,147.91856667,1994.00,,,,,,
163,2017-01-04T02:22:32Z,-33.35346667,147.91905000,2004.00,,,,,,
164,2017-01-04T02:22:37Z,-33.35343333,147.91953333,2012.00,,,,,,
165,2017-01-04T02:22:42Z,-33.35305000,147.91985000,2020.00,,,,,,
166,2017-01-04T02:22:47Z,-33.35251667,147.91988333,2030.00,,,,,,
167,2017-01-04T02:22:52Z,-33.35191667,147.91973333,2030.00,,,,,,
168,2017-01-04T02:22:57Z,-33.35156667,147.91895000,2042.00,,,,,,
169,2017-01-04T02:23:02Z,-33.35170000,147.91798333,2052.00,,,,,,
170,2017-01-04T02:23:07Z,-33.35193333,147.91705000,2051.00,,,,,,
171,2017-01-04T02:23:12Z,-33.35238333,147.91616667,2050.00,,,,,,
172,2017-01-04T02:23:17Z,-33.35305000,147.91551667,2056.00,,,,,,
173,2017-01-04T02:23:22Z,-33.35373333,147.91511667,2064.00,,,,,,
174,2017-01-04T02:23:27Z,-33.35436667,147.91506667,2060.00,,,,,,
175,2017-01-04T02:23:32Z,-33.35470000,147.91543333,2058.00,,,,,,
176,2017-01-04T02:23:37Z,-33.35440000,147.91581667,2057.00,,,,,,
177,2017-01-04T02:23:42Z,-33.35375000,147.91575000,2059.00,,,,,,
178,2017-01-04T02:23:47Z,-33.35313333,147.91558333,2062.00,,,,,,
179,2017-01-04T02:23:52Z,-33.35263333,147.91548333,2065.00,,,,,,
180,2017-01-04T02:23:57Z,-33.35200000,147.91530000,2069.00,,,,,,
181,2017-01-04T02:24:02Z,-33.35140000,147.91491667,2074.00,,,,,,
182,2017-01-04T02:24:07Z,-33.35070000,147.91478333,2072.00,,,,,,
183,2017-01-04T02:24:12Z,-33.34998333,147.91453333,2071.00,,,,,,
184,2017-01-04T02:24:17Z,-33.34961667,147.91363333,2069.00,,,,,,
185,2017-01-04T02:24:22Z,-33.35006667,147.91278333,2069.00,,,,,,
186,2017-01-04T02:24:27Z,-33.35080000,147.91246667,2067.00,,,,,,
187,2017-01-04T02:24:32Z,-33.35146667,147.91236667,2074.00,,,,,,
188,2017-01-04T02:24:37Z,-33.35203333,147.91221667,2068.00,,,,,,
189,2017-01-04T02:24:42Z,-33.35280000,147.91213333,2066.00,,,,,,
190,2017-01-04T02:24:47Z,-33.35341667,147.91226667,2067.00,,,,,,
191,2017-01-04T02:24:52Z,-33.35381667,147.91275000,2061.00,,,,,,
192,2017-01-04T02:24:57Z,-33.35376667,147.91335000,2054.00,,,,,,
193,2017-01-04T02:25:02Z,-33.35345000,147.91388333,2051.00,,,,,,
194,2017-01-04T02:25:07Z,-33.35308333,147.91428333,2049.00,,,,,,
195,2017-01-04T02:25:12Z,-33.35271667,147.91468333,2045.00,,,,,,
196,2017-01-04T02:25:17Z,-33.35236667,147.91506667,2038.00,,,,,,
197,2017-01-04T02:25:22Z,-33.35203333,147.91558333,2039.00,,,,,,
198,2017-01-04T02:25:27Z,-33.35161667,147.91603333,2037.00,,,,,,
199,2017-01-04T02:25:32Z,-33.35121667,147.91653333,2042.00,,,,,,
200,2017-01-04T02:25:37Z,-33.35083333,147.91703333,2042.00,,,,,,
201,2017-01-04T02:25:42Z,-33.35053333,147.91765000,2042.00,,,,,,
202,2017-01-04T02:25:47Z,-33.35043333,147.91838333,2039.00,,,,,,
203,2017-01-04T02:25:52Z,-33.35051667,147.91906667,2042.00,,,,,,
204,2017-01-04T02:25:57Z,-33.35071667,147.91971667,2047.00,,,,,,
205,2017-01-04T02:26:02Z,-33.35116667,147.92021667,2046.00,,,,,,
206,2017-01-04T02:26:07Z,-33.35158333,147.92076667,2043.00,,,,,,
207,2017-01-04T02:26:12Z,-33.35216667,147.92101667,2039.00,,,,,,
208,2017-01-04T02:26:17Z,-33.35281667,147.92081667,2029.00,,,,,,
209,2017-01-04T02:26:22Z,-33.35353333,147.92046667,2038.00,,,,,,
210,2017-01-04T02:26:27Z,-33.35421667,147.92020000,2040.00,,,,,,
211,2017-01-04T02:26:32Z,-33.35493333,147.92008333,2050.00,,,,,,
212,2017-01-04T02:26:37Z,-33.35570000,147.91978333,2049.00,,,,,,
213,2017-01-04T02:26:42Z,-33.35643333,147.91975000,2056.00,,,,,,
214,2017-01-04T02:26:47Z,-33.35708333,147.91965000,2064.00,,,,,,
215,2017-01-04T02:26:52Z,-33.35786667,147.91948333,2059.00,,,,,,
216,2017-01-04T02:26:57Z,-33.35865000,147.91931667,2061.00,,,,,,
217,2017-01-04T02:27:02Z,-33.35945000,147.91923333,2066.00,,,,,,
218,2017-01-04T02:27:07Z,-33.36020000,147.91913333,2071.00,,,,,,
219,2017-01-04T02:27:12Z,-33.36091667,147.91903333,2069.00,,,,,,
220,2017-01-04T02:27:17Z,-33.36165000,147.91893333,2069.00,,,,,,
221,2017-01-04T02:27:22Z,-33.36243333,147.91910000,2067.00,,,,,,
222,2017-01-04T02:27:27Z,-33.36328333,147.91945000,2068.00,,,,,,
223,2017-01-04T02:27:32Z,-33.36363333,147.92026667,2070.00,,,,,,
224,2017-01-04T02:27:37Z,-33.36356667,147.92093333,2065.00,,,,,,
225,2017-01-04T02:27:42Z,-33.36326667,147.92146667,2063.00,,,,,,
226,2017-01-04T02:27:47Z,-33.36276667,147.92170000,2052.00,,,,,,
227,2017-01-04T02:27:52Z,-33.36225000,147.92165000,2057.00,,,,,,
228,2017-01-04T02:27:57Z,-33.36170000,147.92153333,2048.00,,,,,,
229,2017-01-04T02:28:03Z,-33.36125000,147.92116667,2051.00,,,,,,
230,2017-01-04T02:28:08Z,-33.36101667,147.92048333,2044.00,,,,,,
231,2017-01-04T02:28:13Z,-33.36101667,147.92013333,2043.00,,,,,,
232,2017-01-04T02:28:18Z,-33.36103333,147.91926667,2037.00,,,,,,
233,2017-01-04T02:28:23Z,-33.36130000,147.91808333,2035.00,,,,,,
234,2017-01-04T02:28:28Z,-33.36145000,147.91726667,2033.00,,,,,,
235,2017-01-04T02:28:33Z,-33.36196667,147.91635000,2036.00,,,,,,
236,2017-01-04T02:28:38Z,-33.36258333,147.91553333,2039.00,,,,,,
237,2017-01-04T02:28:43Z,-33.36331667,147.91483333,2037.00,,,,,,
238,2017-01-04T02:28:48Z,-33.36411667,147.91435000,2044.00,,,,,,
239,2017-01-04T02:28:53Z,-33.36481667,147.91365000,2053.00,,,,,,
240,2017-01-04T02:28:58Z,-33.36558333,147.91311667,2056.00,,,,,,
241,2017-01-04T02:29:03Z,-33.36645000,147.91323333,2057.00,,,,,,
242,2017-01-04T02:29:08Z,-33.36688333,147.91381667,2059.00,,,,,,
243,2017-01-04T02:29:13Z,-33.36676667,147.91436667,2061.00,,,,,,
244,2017-01-04T02:29:18Z,-33.36636667,147.91455000,2067.00,,,,,,
245,2017-01-04T02:29:23Z,-33.36590000,147.91433333,2068.00,,,,,,
246,2017-01-04T02:29:28Z,-33.36553333,147.91375000,2070.00,,,,,,
247,2017-01-04T02:29:33Z,-33.36533333,147.91305000,2071.00,,,,,,
248,2017-01-04T02:29:38Z,-33.36523333,147.91215000,2072.00,,,,,,
249,2017-01-04T02:29:43Z,-33.36510000,147.91126667,2083.00,,,,,,
250,2017-01-04T02:29:48Z,-33.36520000,147.91036667,2086.00,,,,,,
251,2017-01-04T02:29:53Z,-33.36580000,147.90988333,2088.00,,,,,,
252,2017-01-04T02:29:58Z,-33.36653333,147.90988333,2089.00,,,,,,
253,2017-01-04T02:30:03Z,-33.36721667,147.91020000,2076.00,,,,,,
254,2017-01-04T02:30:08Z,-33.36761667,147.91083333,2077.00,,,,,,
255,2017-01-04T02:30:13Z,-33.36770000,147.91145000,2066.00,,,,,,
256,2017-01-04T02:30:18Z,-33.36738333,147.91205000,2064.00,,,,,,
257,2017-01-04T02:30:23Z,-33.36681667,147.91191667,2057.00,,,,,,
258,2017-01-04T02:30:28Z,-33.36636667,147.91120000,2065.00,,,,,,
259,2017-01-04T02:30:33Z,-33.36600000,147.91046667,2064.00,,,,,,
260,2017-01-04T02:30:38Z,-33.36570000,147.90965000,2056.00,,,,,,
261,2017-01-04T02:30:43Z,-33.36555000,147.90865000,2059.00,,,,,,
262,2017-01-04T02:30:48Z,-33.36563333,147.90770000,2060.00,,,,,,
263,2017-01-04T02:30:53Z,-33.36595000,147.90675000,2056.00,,,,,,
264,2017-01-04T02:30:58Z,-33.36641667,147.90596667,2055.00,,,,,,
265,2017-01-04T02:31:03Z,-33.36685000,147.90531667,2049.00,,,,,,
266,2017-01-04T02:31:08Z,-33.36746667,147.90478333,2041.00,,,,,,
267,2017-01-04T02:31:13Z,-33.36810000,147.90451667,2030.00,,,,,,
268,2017-01-04T02:31:18Z,-33.36866667,147.90435000,2024.00,,,,,,
269,2017-01-04T02:31:23Z,-33.36931667,147.90465000,2023.00,,,,,,
270,2017-01-04T02:31:28Z,-33.36983333,147.90518333,2027.00,,,,,,
271,2017-01-04T02:31:33Z,-33.37030000,147.90578333,2036.00,,,,,,
272,2017-01-04T02:31:38Z,-33.37071667,147.90643333,2044.00,,,,,,
273,2017-01-04T02:31:43Z,-33.37096667,147.90715000,2046.00,,,,,,
274,2017-01-04T02:31:48Z,-33.37081667,147.90796667,2058.00,,,,,,
275,2017-01-04T02:31:53Z,-33.37045000,147.90853333,2052.00,,,,,,
276,2017-01-04T02:31:58Z,-33.36981667,147.90861667,2042.00,,,,,,
277,2017-01-04T02:32:03Z,-33.36926667,147.90796667,2037.00,,,,,,
278,2017-01-04T02:32:08Z,-33.36943333,147.90710000,2030.00,,,,,,
279,2017-01-04T02:32:13Z,-33.36988333,147.90635000,2028.00,,,,,,
280,2017-01-04T02:32:18Z,-33.37030000,147.90561667,2027.00,,,,,,
281,2017-01-04T02:32:23Z,-33.37086667,147.90511667,2029.00,,,,,,
282,2017-01-04T02:32:28Z,-33.37155000,147.90481667,2035.00,,,,,,
283,2017-01-04T02:32:33Z,-33.37223333,147.90470000,2050.00,,,,,,
284,2017-01-04T02:32:38Z,-33.37273333,147.90526667,2055.00,,,,,,
285,2017-01-04T02:32:43Z,-33.37270000,147.90605000,2073.00,,,,,,
286,2017-01-04T02:32:48Z,-33.37220000,147.90625000,2071.00,,,,,,
287,2017-01-04T02:32:53Z,-33.37178333,147.90563333,2078.00,,,,,,
288,2017-01-04T02:32:58Z,-33.37180000,147.90478333,2090.00,,,,,,
289,2017-01-04T02:33:03Z,-33.37213333,147.90416667,2096.00,,,,,,
290,2017-01-04T02:33:08Z,-33.37275000,147.90443333,2102.00,,,,,,
291,2017-01-04T02:33:13Z,-33.37311667,147.90515000,2112.00,,,,,,
292,2017-01-04T02:33:18Z,-33.37295000,147.90595000,2115.00,,,,,,
293,2017-01-04T02:33:23Z,-33.37230000,147.90618333,2111.00,,,,,,
294,2017-01-04T02:33:29Z,-33.37175000,147.90578333,2112.00,,,,,,
295,2017-01-04T02:33:34Z,-33.37145000,147.90496667,2103.00,,,,,,
296,2017-01-04T02:33:39Z,-33.37160000,147.90411667,2103.00,,,,,,
297,2017-01-04T02:33:44Z,-33.37225000,147.90366667,2102.00,,,,,,
298,2017-01-04T02:33:49Z,-33.37301667,147.90336667,2114.00,,,,,,
299,2017-01-04T02:33:54Z,-33.37365000,147.90366667,2112.00,,,,,,
300,2017-01-04T02:33:59Z,-33.37396667,147.90436667,2118.00,,,,,,
301,2017-01-04T02:34:04Z,-33.37390000,147.90513333,2121.00,,,,,,
302,2017-01-04T02:34:09Z,-33.37358333,147.90570000,2118.00,,,,,,
303,2017-01-04T02:34:14Z,-33.37296667,147.90568333,2112.00,,,,,,
304,2017-01-04T02:34:19Z,-33.37256667,147.90506667,2106.00,,,,,,
305,2017-01-04T02:34:24Z,-33.37236667,147.90423333,2105.00,,,,,,
306,2017-01-04T02:34:29Z,-33.37220000,147.90343333,2098.00,,,,,,
307,2017-01-04T02:34:34Z,-33.37223333,147.90250000,2096.00,,,,,,
308,2017-01-04T02:34:39Z,-33.37238333,147.90160000,2092.00,,,,,,
309,2017-01-04T02:34:44Z,-33.37251667,147.90066667,2100.00,,,,,,
310,2017-01-04T02:34:49Z,-33.37273333,147.89991667,2108.00,,,,,,
311,2017-01-04T02:34:54Z,-33.37335000,147.89946667,2113.00,,,,,,
312,2017-01-04T02:34:59Z,-33.37400000,147.89956667,2111.00,,,,,,
313,2017-01-04T02:35:04Z,-33.37440000,147.90013333,2110.00,,,,,,
314,2017-01-04T02:35:09Z,-33.37423333,147.90081667,2110.00,,,,,,
315,2017-01-04T02:35:14Z,-33.37363333,147.90095000,2113.00,,,,,,
316,2017-01-04T02:35:19Z,-33.37311667,147.90066667,2120.00,,,,,,
317,2017-01-04T02:35:24Z,-33.37275000,147.90003333,2116.00,,,,,,
318,2017-01-04T02:35:29Z,-33.37285000,147.89920000,2118.00,,,,,,
319,2017-01-04T02:35:34Z,-33.37303333,147.89836667,2110.00,,,,,,
320,2017-01-04T02:35:39Z,-33.37335000,147.89750000,2112.00,,,,,,
321,2017-01-04T02:35:44Z,-33.37375000,147.89661667,2101.00,,,,,,
322,2017-01-04T02:35:49Z,-33.37401667,147.89573333,2097.00,,,,,,
323,2017-01-04T02:35:54Z,-33.37400000,147.89478333,2092.00,,,,,,
324,2017-01-04T02:35:59Z,-33.37380000,147.89391667,2087.00,,,,,,
325,2017-01-04T02:36:04Z,-33.37338333,147.89315000,2079.00,,,,,,
326,2017-01-04T02:36:09Z,-33.37293333,147.89255000,2078.00,,,,,,
327,2017-01-04T02:36:14Z,-33.37250000,147.89191667,2071.00,,,,,,
328,2017-01-04T02:36:19Z,-33.37220000,147.89120000,2061.00,,,,,,
329,2017-01-04T02:36:24Z,-33.37198333,147.89040000,2059.00,,,,,,
330,2017-01-04T02:36:29Z,-33.37148333,147.88970000,2053.00,,,,,,
331,2017-01-04T02:36:34Z,-33.37113333,147.88886667,2049.00,,,,,,
332,2017-01-04T02:36:39Z,-33.37085000,147.88790000,2049.00,,,,,,
333,2017-01-04T02:36:44Z,-33.37053333,147.88710000,2044.00,,,,,,
334,2017-01-04T02:36:49Z,-33.37028333,147.88613333,2035.00,,,,,,
335,2017-01-04T02:36:54Z,-33.36991667,147.88516667,2030.00,,,,,,
336,2017-01-04T02:36:59Z,-33.36955000,147.88420000,2025.00,,,,,,
337,2017-01-04T02:37:04Z,-33.36908333,147.88335000,2024.00,,,,,,
338,2017-01-04T02:37:09Z,-33.36866667,147.88256667,2018.00,,,,,,
339,2017-01-04T02:37:14Z,-33.36835000,147.88163333,2005.00,,,,,,
340,2017-01-04T02:37:19Z,-33.36831667,147.88053333,1995.00,,,,,,
341,2017-01-04T02:37:24Z,-33.36863333,147.87956667,1985.00,,,,,,
342,2017-01-04T02:37:29Z,-33.36928333,147.87913333,1975.00,,,,,,
343,2017-01-04T02:37:34Z,-33.36983333,147.87941667,1977.00,,,,,,
344,2017-01-04T02:37:39Z,-33.36998333,147.88000000,1973.00,,,,,,
345,2017-01-04T02:37:44Z,-33.36986667,147.88056667,1973.00,,,,,,
346,2017-01-04T02:37:49Z,-33.36973333,147.88083333,1965.00,,,,,,
347,2017-01-04T02:37:54Z,-33.36938333,147.88141667,1956.00,,,,,,
348,2017-01-04T02:37:59Z,-33.36891667,147.88170000,1945.00,,,,,,
349,2017-01-04T02:38:04Z,-33.36861667,147.88215000,1932.00,,,,,,
350,2017-01-04T02:38:09Z,-33.36865000,147.88278333,1927.00,,,,,,
351,2017-01-04T02:38:14Z,-33.36873333,147.88330000,1922.00,,,,,,
352,2017-01-04T02:38:19Z,-33.36871667,147.88390000,1911.00,,,,,,
353,2017-01-04T02:38:24Z,-33.36873333,147.88446667,1908.00,,,,,,
354,2017-01-04T02:38:29Z,-33.36890000,147.88506667,1908.00,,,,,,
355,2017-01-04T02:38:34Z,-33.36876667,147.88563333,1917.00,,,,,,
356,2017-01-04T02:38:39Z,-33.36820000,147.88588333,1914.00,,,,,,
357,2017-01-04T02:38:44Z,-33.36756667,147.88566667,1909.00,,,,,,
358,2017-01-04T02:38:49Z,-33.36696667,147.88530000,1900.00,,,,,,
359,2017-01-04T02:38:54Z,-33.36655000,147.88448333,1887.00,,,,,,
360,2017-01-04T02:39:00Z,-33.36625000,147.88355000,1883.00,,,,,,
361,2017-01-04T02:39:05Z,-33.36601667,147.88250000,1886.00,,,,,,
362,2017-01-04T02:39:10Z,-33.36598333,147.88155000,1885.00,,,,,,
363,2017-01-04T02:39:15Z,-33.36636667,147.88071667,1884.00,,,,,,
364,2017-01-04T02:39:20Z,-33.36705000,147.88045000,1876.00,,,,,,
365,2017-01-04T02:39:25Z,-33.36746667,147.88076667,1869.00,,,,,,
366,2017-01-04T02:39:30Z,-33.36736667,147.88138333,1863.00,,,,,,
367,2017-01-04T02:39:35Z,-33.36688333,147.88170000,1855.00,,,,,,
368,2017-01-04T02:39:40Z,-33.36616667,147.88165000,1856.00,,,,,,
369,2017-01-04T02:39:45Z,-33.36548333,147.88161667,1854.00,,,,,,
370,2017-01-04T02:39:50Z,-33.36478333,147.88151667,1853.00,,,,,,
371,2017-01-04T02:39:55Z,-33.36418333,147.88161667,1851.00,,,,,,
372,2017-01-04T02:40:00Z,-33.36351667,147.88180000,1845.00,,,,,,
373,2017-01-04T02:40:05Z,-33.36278333,147.88188333,1839.00,,,,,,
374,2017-01-04T02:40:10Z,-33.36210000,147.88193333,1837.00,,,,,,
375,2017-01-04T02:40:15Z,-33.36148333,147.88203333,1821.00,,,,,,
376,2017-01-04T02:40:20Z,-33.36081667,147.88221667,1808.00,,,,,,
377,2017-01-04T02:40:25Z,-33.36018333,147.88250000,1793.00,,,,,,
378,2017-01-04T02:40:30Z,-33.35943333,147.88243333,1787.00,,,,,,
379,2017-01-04T02:40:35Z,-33.35871667,147.88251667,1770.00,,,,,,
380,2017-01-04T02:40:40Z,-33.35808333,147.88290000,1760.00,,,,,,
381,2017-01-04T02:40:45Z,-33.35750000,147.88315000,1749.00,,,,,,
382,2017-01-04T02:40:50Z,-33.35696667,147.88336667,1733.00,,,,,,
383,2017-01-04T02:40:55Z,-33.35645000,147.88368333,1712.00,,,,,,
384,2017-01-04T02:41:00Z,-33.35586667,147.88413333,1697.00,,,,,,
385,2017-01-04T02:41:05Z,-33.35530000,147.88450000,1689.00,,,,,,
386,2017-01-04T02:41:10Z,-33.35468333,147.88476667,1707.00,,,,,,
387,2017-01-04T02:41:15Z,-33.35425000,147.88498333,1715.00,,,,,,
388,2017-01-04T02:41:20Z,-33.35366667,147.88493333,1731.00,,,,,,
389,2017-01-04T02:41:25Z,-33.35350000,147.88421667,1732.00,,,,,,
390,2017-01-04T02:41:30Z,-33.35406667,147.88350000,1736.00,,,,,,
391,2017-01-04T02:41:35Z,-33.35471667,147.88376667,1739.00,,,,,,
392,2017-01-04T02:41:40Z,-33.35495000,147.88440000,1749.00,,,,,,
393,2017-01-04T02:41:45Z,-33.35476667,147.88493333,1761.00,,,,,,
394,2017-01-04T02:41:50Z,-33.35430000,147.88506667,1769.00,,,,,,
395,2017-01-04T02:41:55Z,-33.35371667,147.88473333,1767.00,,,,,,
396,2017-01-04T02:42:00Z,-33.35336667,147.88385000,1770.00,,,,,,
397,2017-01-04T02:42:05Z,-33.35348333,147.88285000,1771.00,,,,,,
398,2017-01-04T02:42:10Z,-33.35410000,147.88205000,1779.00,,,,,,
399,2017-01-04T02:42:15Z,-33.35490000,147.88180000,1782.00,,,,,,
400,2017-01-04T02:42:20Z,-33.35553333,147.88206667,1784.00,,,,,,
401,2017-01-04T02:42:25Z,-33.35573333,147.88271667,1783.00,,,,,,
402,2017-01-04T02:42:30Z,-33.35560000,147.88328333,1791.00,,,,,,
403,2017-01-04T02:42:35Z,-33.35530000,147.88378333,1794.00,,,,,,
404,2017-01-04T02:42:40Z,-33.35485000,147.88420000,1800.00,,,,,,
405,2017-01-04T02:42:45Z,-33.35425000,147.88418333,1800.00,,,,,,
406,2017-01-04T02:42:50Z,-33.35390000,147.88393333,1799.00,,,,,,
407,2017-01-04T02:42:55Z,-33.35316667,147.88306667,1805.00,,,,,,
408,2017-01-04T02:43:00Z,-33.35298333,147.88215000,1806.00,,,,,,
409,2017-01-04T02:43:05Z,-33.35326667,147.88108333,1813.00,,,,,,
410,2017-01-04T02:43:10Z,-33.35395000,147.88035000,1816.00,,,,,,
411,2017-01-04T02:43:15Z,-33.35468333,147.88003333,1826.00,,,,,,
412,2017-01-04T02:43:20Z,-33.35536667,147.88000000,1823.00,,,,,,
413,2017-01-04T02:43:25Z,-33.35591667,147.88033333,1821.00,,,,,,
414,2017-01-04T02:43:30Z,-33.35618333,147.88086667,1829.00,,,,,,
415,2017-01-04T02:43:35Z,-33.35645000,147.88145000,1822.00,,,,,,
416,2017-01-04T02:43:40Z,-33.35646667,147.88208333,1816.00,,,,,,
417,2017-01-04T02:43:45Z,-33.35598333,147.88226667,1802.00,,,,,,
418,2017-01-04T02:43:50Z,-33.35535000,147.88216667,1808.00,,,,,,
419,2017-01-04T02:43:55Z,-33.35483333,147.88203333,1808.00,,,,,,
420,2017-01-04T02:44:00Z,-33.35433333,147.88200000,1816.00,,,,,,
421,2017-01-04T02:44:05Z,-33.35383333,147.88193333,1816.00,,,,,,
422,2017-01-04T02:44:11Z,-33.35330000,147.88181667,1806.00,,,,,,
423,2017-01-04T02:44:16Z,-33.35270000,147.88158333,1794.00,,,,,,
424,2017-01-04T02:44:21Z,-33.35228333,147.88088333,1790.00,,,,,,
425,2017-01-04T02:44:26Z,-33.35226667,147.87993333,1791.00,,,,,,
426,2017-01-04T02:44:31Z,-33.35268333,147.87915000,1795.00,,,,,,
427,2017-01-04T02:44:36Z,-33.35341667,147.87863333,1794.00,,,,,,
428,2017-01-04T02:44:41Z,-33.35420000,147.87838333,1795.00,,,,,,
429,2017-01-04T02:44:46Z,-33.35486667,147.87835000,1797.00,,,,,,
430,2017-01-04T02:44:51Z,-33.35548333,147.87838333,1805.00,,,,,,
431,2017-01-04T02:44:56Z,-33.35611667,147.87843333,1805.00,,,,,,
432,2017-01-04T02:45:01Z,-33.35663333,147.87876667,1806.00,,,,,,
433,2017-01-04T02:45:06Z,-33.35680000,147.87923333,1808.00,,,,,,
434,2017-01-04T02:45:11Z,-33.35655000,147.87965000,1803.00,,,,,,
435,2017-01-04T02:45:16Z,-33.35615000,147.87986667,1798.00,,,,,,
436,2017-01-04T02:45:21Z,-33.35561667,147.87975000,1797.00,,,,,,
437,2017-01-04T02:45:26Z,-33.35498333,147.87948333,1787.00,,,,,,
438,2017-01-04T02:45:31Z,-33.35436667,147.87926667,1790.00,,,,,,
439,2017-01-04T02:45:36Z,-33.35368333,147.87910000,1791.00,,,,,,
440,2017-01-04T02:45:41Z,-33.35308333,147.87885000,1790.00,,,,,,
441,2017-01-04T02:45:46Z,-33.35253333,147.87856667,1783.00,,,,,,
442,2017-01-04T02:45:51Z,-33.35201667,147.87833333,1778.00,,,,,,
443,2017-01-04T02:45:56Z,-33.35145000,147.87813333,1774.00,,,,,,
444,2017-01-04T02:46:01Z,-33.35095000,147.87791667,1769.00,,,,,,
445,2017-01-04T02:46:06Z,-33.35036667,147.87780000,1772.00,,,,,,
446,2017-01-04T02:46:11Z,-33.34981667,147.87765000,1774.00,,,,,,
447,2017-01-04T02:46:16Z,-33.34930000,147.87753333,1772.00,,,,,,
448,2017-01-04T02:46:21Z,-33.34876667,147.87743333,1770.00,,,,,,
449,2017-01-04T02:46:26Z,-33.34816667,147.87738333,1769.00,,,,,,
450,2017-01-04T02:46:31Z,-33.34763333,147.87735000,1778.00,,,,,,
451,2017-01-04T02:46:36Z,-33.34713333,147.87725000,1764.00,,,,,,
452,2017-01-04T02:46:41Z,-33.34658333,147.87710000,1772.00,,,,,,
453,2017-01-04T02:46:46Z,-33.34603333,147.87708333,1770.00,,,,,,
454,2017-01-04T02:46:51Z,-33.34546667,147.87718333,1769.00,,,,,,
455,2017-01-04T02:46:56Z,-33.34496667,147.87711667,1762.00,,,,,,
456,2017-01-04T02:47:01Z,-33.34443333,147.87680000,1758.00,,,,,,
457,2017-01-04T02:47:06Z,-33.34380000,147.87648333,1758.00,,,,,,
458,2017-01-04T02:47:11Z,-33.34336667,147.87586667,1754.00,,,,,,
459,2017-01-04T02:47:16Z,-33.34331667,147.87500000,1746.00,,,,,,
460,2017-01-04T02:47:21Z,-33.34378333,147.87405000,1740.00,,,,,,
461,2017-01-04T02:47:26Z,-33.34416667,147.87356667,1736.00,,,,,,
462,2017-01-04T02:47:31Z,-33.34473333,147.87285000,1730.00,,,,,,
463,2017-01-04T02:47:36Z,-33.34528333,147.87211667,1731.00,,,,,,
464,2017-01-04T02:47:41Z,-33.34583333,147.87135000,1731.00,,,,,,
465,2017-01-04T02:47:46Z,-33.34635000,147.87086667,1740.00,,,,,,
466,2017-01-04T02:47:51Z,-33.34703333,147.87021667,1762.00,,,,,,
467,2017-01-04T02:47:56Z,-33.34773333,147.87040000,1781.00,,,,,,
468,2017-01-04T02:48:01Z,-33.34816667,147.87098333,1803.00,,,,,,
469,2017-01-04T02:48:06Z,-33.34796667,147.87148333,1818.00,,,,,,
470,2017-01-04T02:48:11Z,-33.34748333,147.87153333,1832.00,,,,,,
471,2017-01-04T02:48:16Z,-33.34715000,147.87095000,1839.00,,,,,,
472,2017-01-04T02:48:21Z,-33.34735000,147.87006667,1851.00,,,,,,
473,2017-01-04T02:48:26Z,-33.34773333,147.86940000,1875.00,,,,,,
474,2017-01-04T02:48:31Z,-33.34846667,147.86928333,1893.00,,,,,,
475,2017-01-04T02:48:36Z,-33.34873333,147.86991667,1900.00,,,,,,
476,2017-01-04T02:48:41Z,-33.34830000,147.87003333,1915.00,,,,,,
477,2017-01-04T02:48:46Z,-33.34820000,147.86933333,1935.00,,,,,,
478,2017-01-04T02:48:51Z,-33.34871667,147.86868333,1959.00,,,,,,
479,2017-01-04T02:48:56Z,-33.34943333,147.86835000,1973.00,,,,,,
480,2017-01-04T02:49:01Z,-33.35005000,147.86870000,1972.00,,,,,,
481,2017-01-04T02:49:06Z,-33.35000000,147.86933333,1979.00,,,,,,
482,2017-01-04T02:49:11Z,-33.34945000,147.86930000,1984.00,,,,,,
483,2017-01-04T02:49:16Z,-33.34920000,147.86850000,1987.00,,,,,,
484,2017-01-04T02:49:21Z,-33.34938333,147.86763333,2005.00,,,,,,
485,2017-01-04T02:49:26Z,-33.34985000,147.86695000,2014.00,,,,,,
486,2017-01-04T02:49:31Z,-33.35046667,147.86738333,2026.00,,,,,,
487,2017-01-04T02:49:36Z,-33.35001667,147.86755000,2031.00,,,,,,
488,2017-01-04T02:49:41Z,-33.34988333,147.86675000,2044.00,,,,,,
489,2017-01-04T02:49:46Z,-33.35015000,147.86591667,2059.00,,,,,,
490,2017-01-04T02:49:51Z,-33.35060000,147.86520000,2074.00,,,,,,
491,2017-01-04T02:49:56Z,-33.35131667,147.86523333,2078.00,,,,,,
492,2017-01-04T02:50:01Z,-33.35161667,147.86590000,2084.00,,,,,,
493,2017-01-04T02:50:06Z,-33.35116667,147.86625000,2086.00,,,,,,
494,2017-01-04T02:50:11Z,-33.35060000,147.86608333,2095.00,,,,,,
495,2017-01-04T02:50:16Z,-33.35031667,147.86523333,2101.00,,,,,,
496,2017-01-04T02:50:21Z,-33.35045000,147.86456667,2104.00,,,,,,
497,2017-01-04T02:50:26Z,-33.35123333,147.86378333,2090.00,,,,,,
498,2017-01-04T02:50:31Z,-33.35205000,147.86371667,2118.00,,,,,,
499,2017-01-04T02:50:36Z,-33.35236667,147.86425000,2108.00,,,,,,
500,2017-01-04T02:50:41Z,-33.35186667,147.86423333,2104.00,,,,,,
501,2017-01-04T02:50:46Z,-33.35188333,147.86341667,2118.00,,,,,,
502,2017-01-04T02:50:51Z,-33.35253333,147.86300000,2132.00,,,,,,
503,2017-01-04T02:50:56Z,-33.35316667,147.86326667,2132.00,,,,,,
504,2017-01-04T02:51:01Z,-33.35315000,147.86390000,2124.00,,,,,,
505,2017-01-04T02:51:07Z,-33.35270000,147.86366667,2121.00,,,,,,
506,2017-01-04T02:51:12Z,-33.35276667,147.86281667,2124.00,,,,,,
507,2017-01-04T02:51:17Z,-33.35333333,147.86210000,2134.00,,,,,,
508,2017-01-04T02:51:22Z,-33.35388333,147.86145000,2135.00,,,,,,
509,2017-01-04T02:51:27Z,-33.35455000,147.86090000,2134.00,,,,,,
510,2017-01-04T02:51:32Z,-33.35535000,147.86071667,2125.00,,,,,,
511,2017-01-04T02:51:37Z,-33.35600000,147.86118333,2108.00,,,,,,
512,2017-01-04T02:51:42Z,-33.35641667,147.86186667,2082.00,,,,,,
513,2017-01-04T02:51:47Z,-33.35613333,147.86223333,2050.00,,,,,,
514,2017-01-04T02:51:52Z,-33.35561667,147.86203333,2039.00,,,,,,
515,2017-01-04T02:51:57Z,-33.35511667,147.86181667,2028.00,,,,,,
516,2017-01-04T02:52:02Z,-33.35463333,147.86133333,2019.00,,,,,,
517,2017-01-04T02:52:07Z,-33.35433333,147.86060000,2016.00,,,,,,
518,2017-01-04T02:52:12Z,-33.35421667,147.85978333,2003.00,,,,,,
519,2017-01-04T02:52:17Z,-33.35391667,147.85910000,1995.00,,,,,,
520,2017-01-04T02:52:22Z,-33.35333333,147.85860000,1992.00,,,,,,
521,2017-01-04T02:52:27Z,-33.35273333,147.85793333,2002.00,,,,,,
522,2017-01-04T02:52:32Z,-33.35235000,147.85713333,2010.00,,,,,,
523,2017-01-04T02:52:37Z,-33.35236667,147.85615000,2016.00,,,,,,
524,2017-01-04T02:52:42Z,-33.35255000,147.85550000,2022.00,,,,,,
525,2017-01-04T02:52:47Z,-33.35318333,147.85476667,2018.00,,,,,,
526,2017-01-04T02:52:52Z,-33.35401667,147.85478333,2012.00,,,,,,
527,2017-01-04T02:52:57Z,-33.35413333,147.85526667,2020.00,,,,,,
528,2017-01-04T02:53:02Z,-33.35375000,147.85541667,2030.00,,,,,,
529,2017-01-04T02:53:07Z,-33.35331667,147.85541667,2029.00,,,,,,
530,2017-01-04T02:53:12Z,-33.35275000,147.85526667,2029.00,,,,,,
531,2017-01-04T02:53:17Z,-33.35225000,147.85506667,2025.00,,,,,,
532,2017-01-04T02:53:22Z,-33.35173333,147.85478333,2022.00,,,,,,
533,2017-01-04T02:53:27Z,-33.35121667,147.85426667,2018.00,,,,,,
534,2017-01-04T02:53:32Z,-33.35080000,147.85368333,2014.00,,,,,,
535,2017-01-04T02:53:37Z,-33.35040000,147.85308333,2002.00,,,,,,
536,2017-01-04T02:53:42Z,-33.34973333,147.85300000,1999.00,,,,,,
537,2017-01-04T02:53:47Z,-33.34908333,147.85303333,1999.00,,,,,,
538,2017-01-04T02:53:52Z,-33.34851667,147.85320000,2000.00,,,,,,
539,2017-01-04T02:53:57Z,-33.34795000,147.85328333,2000.00,,,,,,
540,2017-01-04T02:54:02Z,-33.34741667,147.85328333,1993.00,,,,,,
541,2017-01-04T02:54:07Z,-33.34675000,147.85328333,1994.00,,,,,,
542,2017-01-04T02:54:12Z,-33.34611667,147.85310000,1995.00,,,,,,
543,2017-01-04T02:54:17Z,-33.34545000,147.85280000,1993.00,,,,,,
544,2017-01-04T02:54:22Z,-33.34476667,147.85226667,1998.00,,,,,,
545,2017-01-04T02:54:27Z,-33.34436667,147.85145000,2003.00,,,,,,
546,2017-01-04T02:54:32Z,-33.34410000,147.85045000,2001.00,,,,,,
547,2017-01-04T02:54:37Z,-33.34396667,147.84960000,2009.00,,,,,,
548,2017-01-04T02:54:42Z,-33.34378333,147.84856667,2013.00,,,,,,
549,2017-01-04T02:54:47Z,-33.34361667,147.84746667,2023.00,,,,,,
550,2017-01-04T02:54:52Z,-33.34336667,147.84641667,2043.00,,,,,,
551,2017-01-04T02:54:57Z,-33.34288333,147.84585000,2059.00,,,,,,
552,2017-01-04T02:55:02Z,-33.34238333,147.84600000,2065.00,,,,,,
553,2017-01-04T02:55:07Z,-33.34211667,147.84651667,2076.00,,,,,,
554,2017-01-04T02:55:12Z,-33.34213333,147.84711667,2087.00,,,,,,
555,2017-01-04T02:55:17Z,-33.34246667,147.84753333,2097.00,,,,,,
556,2017-01-04T02:55:22Z,-33.34300000,147.84780000,2100.00,,,,,,
557,2017-01-04T02:55:27Z,-33.34370000,147.84763333,2096.00,,,,,,
558,2017-01-04T02:55:32Z,-33.34440000,147.84706667,2094.00,,,,,,
559,2017-01-04T02:55:37Z,-33.34481667,147.84615000,2098.00,,,,,,
560,2017-01-04T02:55:42Z,-33.34518333,147.84528333,2094.00,,,,,,
561,2017-01-04T02:55:47Z,-33.34521667,147.84425000,2110.00,,,,,,
562,2017-01-04T02:55:52Z,-33.34503333,147.84336667,2119.00,,,,,,
563,2017-01-04T02:55:57Z,-33.34453333,147.84285000,2131.00,,,,,,
564,2017-01-04T02:56:02Z,-33.34395000,147.84288333,2152.00,,,,,,
565,2017-01-04T02:56:07Z,-33.34371667,147.84325000,2155.00,,,,,,
566,2017-01-04T02:56:12Z,-33.34441667,147.84360000,2168.00,,,,,,
567,2017-01-04T02:56:17Z,-33.34525000,147.84308333,2179.00,,,,,,
568,2017-01-04T02:56:22Z,-33.34570000,147.84221667,2186.00,,,,,,
569,2017-01-04T02:56:27Z,-33.34571667,147.84120000,2193.00,,,,,,
570,2017-01-04T02:56:32Z,-33.34515000,147.84086667,2203.00,,,,,,
571,2017-01-04T02:56:37Z,-33.34470000,147.84083333,2219.00,,,,,,
572,2017-01-04T02:56:43Z,-33.34453333,147.84123333,2220.00,,,,,,
573,2017-01-04T02:56:48Z,-33.34485000,147.84166667,2222.00,,,,,,
574,2017-01-04T02:56:53Z,-33.34558333,147.84170000,2236.00,,,,,,
575,2017-01-04T02:56:58Z,-33.34630000,147.84128333,2245.00,,,,,,
576,2017-01-04T02:57:03Z,-33.34680000,147.84055000,2248.00,,,,,,
577,2017-01-04T02:57:08Z,-33.34681667,147.83960000,2242.00,,,,,,
578,2017-01-04T02:57:13Z,-33.34630000,147.83921667,2239.00,,,,,,
579,2017-01-04T02:57:18Z,-33.34590000,147.83950000,2249.00,,,,,,
580,2017-01-04T02:57:23Z,-33.34578333,147.83995000,2253.00,,,,,,
581,2017-01-04T02:57:28Z,-33.34583333,147.84050000,2259.00,,,,,,
582,2017-01-04T02:57:33Z,-33.34610000,147.84101667,2267.00,,,,,,
583,2017-01-04T02:57:38Z,-33.34673333,147.84133333,2268.00,,,,,,
584,2017-01-04T02:57:43Z,-33.34753333,147.84091667,2265.00,,,,,,
585,2017-01-04T02:57:48Z,-33.34793333,147.84011667,2253.00,,,,,,
586,2017-01-04T02:57:53Z,-33.34786667,147.83925000,2236.00,,,,,,
587,2017-01-04T02:57:58Z,-33.34750000,147.83846667,2225.00,,,,,,
588,2017-01-04T02:58:03Z,-33.34693333,147.83801667,2225.00,,,,,,
589,2017-01-04T02:58:08Z,-33.34645000,147.83786667,2226.00,,,,,,
590,2017-01-04T02:58:13Z,-33.34595000,147.83781667,2223.00,,,,,,
591,2017-01-04T02:58:18Z,-33.34550000,147.83788333,2226.00,,,,,,
592,2017-01-04T02:58:23Z,-33.34506667,147.83798333,2222.00,,,,,,
593,2017-01-04T02:58:28Z,-33.34456667,147.83793333,2216.00,,,,,,
594,2017-01-04T02:58:33Z,-33.34421667,147.83721667,2211.00,,,,,,
595,2017-01-04T02:58:38Z,-33.34443333,147.83625000,2213.00,,,,,,
596,2017-01-04T02:58:43Z,-33.34481667,147.83536667,2206.00,,,,,,
597,2017-01-04T02:58:48Z,-33.34538333,147.83463333,2200.00,,,,,,
598,2017-01-04T02:58:53Z,-33.34600000,147.83393333,2194.00,,,,,,
599,2017-01-04T02:58:58Z,-33.34668333,147.83330000,2192.00,,,,,,
600,2017-01-04T02:59:03Z,-33.34731667,147.83266667,2190.00,,,,,,
601,2017-01-04T02:59:08Z,-33.34788333,147.83186667,2189.00,,,,,,
602,2017-01-04T02:59:13Z,-33.34838333,147.83105000,2186.00,,,,,,
603,2017-01-04T02:59:18Z,-33.34876667,147.83016667,2178.00,,,,,,
604,2017-01-04T02:59:23Z,-33.34906667,147.82926667,2161.00,,,,,,
605,2017-01-04T02:59:28Z,-33.34948333,147.82811667,2157.00,,,,,,
606,2017-01-04T02:59:33Z,-33.34986667,147.82710000,2150.00,,,,,,
607,2017-01-04T02:59:38Z,-33.35016667,147.82621667,2144.00,,,,,,
608,2017-01-04T02:59:43Z,-33.35033333,147.82536667,2139.00,,,,,,
609,2017-01-04T02:59:48Z,-33.34993333,147.82498333,2127.00,,,,,,
610,2017-01-04T02:59:53Z,-33.34941667,147.82481667,2119.00,,,,,,
611,2017-01-04T02:59:58Z,-33.34895000,147.82496667,2102.00,,,,,,
612,2017-01-04T03:00:03Z,-33.34855000,147.82530000,2096.00,,,,,,
613,2017-01-04T03:00:08Z,-33.34803333,147.82538333,2085.00,,,,,,
614,2017-01-04T03:00:13Z,-33.34761667,147.82548333,2073.00,,,,,,
615,2017-01-04T03:00:18Z,-33.34708333,147.82566667,2067.00,,,,,,
616,2017-01-04T03:00:23Z,-33.34653333,147.82566667,2059.00,,,,,,
617,2017-01-04T03:00:28Z,-33.34595000,147.82518333,2048.00,,,,,,
618,2017-01-04T03:00:33Z,-33.34558333,147.82430000,2044.00,,,,,,
619,2017-01-04T03:00:38Z,-33.34536667,147.82346667,2038.00,,,,,,
620,2017-01-04T03:00:43Z,-33.34513333,147.82261667,2025.00,,,,,,
621,2017-01-04T03:00:48Z,-33.34493333,147.82180000,2014.00,,,,,,
622,2017-01-04T03:00:53Z,-33.34476667,147.82096667,2006.00,,,,,,
623,2017-01-04T03:00:58Z,-33.34466667,147.82003333,1999.00,,,,,,
624,2017-01-04T03:01:03Z,-33.34448333,147.81916667,1990.00,,,,,,
625,2017-01-04T03:01:08Z,-33.34431667,147.81820000,1985.00,,,,,,
626,2017-01-04T03:01:13Z,-33.34418333,147.81733333,1974.00,,,,,,
627,2017-01-04T03:01:18Z,-33.34385000,147.81643333,1976.00,,,,,,
628,2017-01-04T03:01:23Z,-33.34355000,147.81565000,1969.00,,,,,,
629,2017-01-04T03:01:28Z,-33.34320000,147.81483333,1961.00,,,,,,
630,2017-01-04T03:01:33Z,-33.34290000,147.81405000,1952.00,,,,,,
631,2017-01-04T03:01:38Z,-33.34248333,147.81315000,1947.00,,,,,,
632,2017-01-04T03:01:43Z,-33.34203333,147.81230000,1938.00,,,,,,
633,2017-01-04T03:01:48Z,-33.34155000,147.81145000,1951.00,,,,,,
634,2017-01-04T03:01:53Z,-33.34113333,147.81083333,1955.00,,,,,,
635,2017-01-04T03:01:58Z,-33.34083333,147.81008333,1954.00,,,,,,
636,2017-01-04T03:02:03Z,-33.34071667,147.80913333,1954.00,,,,,,
637,2017-01-04T03:02:08Z,-33.34063333,147.80813333,1964.00,,,,,,
638,2017-01-04T03:02:13Z,-33.34055000,147.80716667,1965.00,,,,,,
639,2017-01-04T03:02:18Z,-33.34050000,147.80611667,1978.00,,,,,,
640,2017-01-04T03:02:23Z,-33.34046667,147.80523333,1989.00,,,,,,
641,2017-01-04T03:02:28Z,-33.34071667,147.80445000,1989.00,,,,,,
642,2017-01-04T03:02:33Z,-33.34123333,147.80443333,1995.00,,,,,,
643,2017-01-04T03:02:38Z,-33.34111667,147.80503333,1998.00,,,,,,
644,2017-01-04T03:02:43Z,-33.34045000,147.80508333,2004.00,,,,,,
645,2017-01-04T03:02:48Z,-33.33991667,147.80441667,2007.00,,,,,,
646,2017-01-04T03:02:53Z,-33.33963333,147.80353333,2008.00,,,,,,
647,2017-01-04T03:02:58Z,-33.33970000,147.80258333,2004.00,,,,,,
648,2017-01-04T03:03:03Z,-33.34008333,147.80178333,2006.00,,,,,,
649,2017-01-04T03:03:08Z,-33.34056667,147.80126667,2004.00,,,,,,
650,2017-01-04T03:03:13Z,-33.34111667,147.80091667,2004.00,,,,,,
651,2017-01-04T03:03:18Z,-33.34160000,147.80036667,2001.00,,,,,,
652,2017-01-04T03:03:23Z,-33.34188333,147.79945000,2001.00,,,,,,
653,2017-01-04T03:03:28Z,-33.34185000,147.79845000,1994.00,,,,,,
654,2017-01-04T03:03:33Z,-33.34171667,147.79743333,1998.00,,,,,,
655,2017-01-04T03:03:38Z,-33.34163333,147.79635000,1996.00,,,,,,
656,2017-01-04T03:03:43Z,-33.34156667,147.79533333,1998.00,,,,,,
657,2017-01-04T03:03:48Z,-33.34161667,147.79433333,1993.00,,,,,,
658,2017-01-04T03:03:53Z,-33.34148333,147.79321667,1992.00,,,,,,
659,2017-01-04T03:03:58Z,-33.34131667,147.79213333,1991.00,,,,,,
660,2017-01-04T03:04:03Z,-33.34101667,147.79111667,1987.00,,,,,,
661,2017-01-04T03:04:08Z,-33.34081667,147.79000000,1984.00,,,,,,
662,2017-01-04T03:04:13Z,-33.34065000,147.78893333,1979.00,,,,,,
663,2017-01-04T03:04:18Z,-33.34040000,147.78793333,1984.00,,,,,,
664,2017-01-04T03:04:23Z,-33.34010000,147.78716667,1978.00,,,,,,
665,2017-01-04T03:04:28Z,-33.33966667,147.78631667,1977.00,,,,,,
666,2017-01-04T03:04:33Z,-33.33933333,147.78546667,1976.00,,,,,,
667,2017-01-04T03:04:38Z,-33.33900000,147.78473333,1972.00,,,,,,
668,2017-01-04T03:04:43Z,-33.33853333,147.78408333,1963.00,,,,,,
669,2017-01-04T03:04:48Z,-33.33793333,147.78348333,1955.00,,,,,,
670,2017-01-04T03:04:53Z,-33.33745000,147.78271667,1952.00,,,,,,
671,2017-01-04T03:04:58Z,-33.33703333,147.78175000,1951.00,,,,,,
672,2017-01-04T03:05:03Z,-33.33663333,147.78085000,1950.00,,,,,,
673,2017-01-04T03:05:08Z,-33.33633333,147.77991667,1945.00,,,,,,
674,2017-01-04T03:05:13Z,-33.33590000,147.77896667,1928.00,,,,,,
675,2017-01-04T03:05:18Z,-33.33556667,147.77795000,1913.00,,,,,,
676,2017-01-04T03:05:23Z,-33.33523333,147.77690000,1911.00,,,,,,
677,2017-01-04T03:05:28Z,-33.33486667,147.77590000,1898.00,,,,,,
678,2017-01-04T03:05:33Z,-33.33453333,147.77490000,1889.00,,,,,,
679,2017-01-04T03:05:38Z,-33.33416667,147.77383333,1876.00,,,,,,
680,2017-01-04T03:05:43Z,-33.33390000,147.77263333,1871.00,,,,,,
681,2017-01-04T03:05:48Z,-33.33356667,147.77146667,1856.00,,,,,,
682,2017-01-04T03:05:53Z,-33.33311667,147.77026667,1846.00,,,,,,
683,2017-01-04T03:05:58Z,-33.33270000,147.76896667,1831.00,,,,,,
684,2017-01-04T03:06:03Z,-33.33245000,147.76755000,1819.00,,,,,,
685,2017-01-04T03:06:08Z,-33.33218333,147.76616667,1803.00,,,,,,
686,2017-01-04T03:06:13Z,-33.33188333,147.76476667,1789.00,,,,,,
687,2017-01-04T03:06:19Z,-33.33165000,147.76343333,1788.00,,,,,,
688,2017-01-04T03:06:24Z,-33.33141667,147.76238333,1786.00,,,,,,
689,2017-01-04T03:06:29Z,-33.33116667,147.76125000,1771.00,,,,,,
690,2017-01-04T03:06:34Z,-33.33095000,147.76010000,1766.00,,,,,,
691,2017-01-04T03:06:39Z,-33.33068333,147.75890000,1750.00,,,,,,
692,2017-01-04T03:06:44Z,-33.33048333,147.75761667,1733.00,,,,,,
693,2017-01-04T03:06:49Z,-33.33035000,147.75628333,1726.00,,,,,,
694,2017-01-04T03:06:54Z,-33.33015000,147.75496667,1718.00,,,,,,
695,2017-01-04T03:06:59Z,-33.32993333,147.75361667,1702.00,,,,,,
696,2017-01-04T03:07:04Z,-33.32978333,147.75225000,1686.00,,,,,,
697,2017-01-04T03:07:09Z,-33.32971667,147.75113333,1667.00,,,,,,
698,2017-01-04T03:07:14Z,-33.32970000,147.74973333,1654.00,,,,,,
699,2017-01-04T03:07:19Z,-33.32970000,147.74826667,1635.00,,,,,,
700,2017-01-04T03:07:24Z,-33.32975000,147.74680000,1623.00,,,,,,
701,2017-01-04T03:07:29Z,-33.32970000,147.74531667,1619.00,,,,,,
702,2017-01-04T03:07:34Z,-33.32958333,147.74401667,1610.00,,,,,,
703,2017-01-04T03:07:39Z,-33.32960000,147.74328333,1621.00,,,,,,
704,2017-01-04T03:07:44Z,-33.32958333,147.74178333,1611.00,,,,,,
705,2017-01-04T03:07:49Z,-33.32948333,147.74073333,1613.00,,,,,,
706,2017-01-04T03:07:54Z,-33.32941667,147.73973333,1609.00,,,,,,
707,2017-01-04T03:07:59Z,-33.32921667,147.73866667,1608.00,,,,,,
708,2017-01-04T03:08:04Z,-33.32893333,147.73771667,1621.00,,,,,,
709,2017-01-04T03:08:09Z,-33.32916667,147.73675000,1626.00,,,,,,
710,2017-01-04T03:08:14Z,-33.32980000,147.73646667,1624.00,,,,,,
711,2017-01-04T03:08:19Z,-33.33000000,147.73705000,1613.00,,,,,,
712,2017-01-04T03:08:24Z,-33.32945000,147.73726667,1608.00,,,,,,
713,2017-01-04T03:08:29Z,-33.32888333,147.73650000,1619.00,,,,,,
714,2017-01-04T03:08:34Z,-33.32855000,147.73561667,1625.00,,,,,,
715,2017-01-04T03:08:39Z,-33.32848333,147.73466667,1628.00,,,,,,
716,2017-01-04T03:08:44Z,-33.32911667,147.73423333,1615.00,,,,,,
717,2017-01-04T03:08:49Z,-33.32950000,147.73475000,1617.00,,,,,,
718,2017-01-04T03:08:54Z,-33.32896667,147.73491667,1605.00,,,,,,
719,2017-01-04T03:08:59Z,-33.32846667,147.73428333,1611.00,,,,,,
720,2017-01-04T03:09:04Z,-33.32815000,147.73350000,1603.00,,,,,,
721,2017-01-04T03:09:09Z,-33.32800000,147.73263333,1589.00,,,,,,
722,2017-01-04T03:09:14Z,-33.32790000,147.73166667,1581.00,,,,,,
723,2017-01-04T03:09:19Z,-33.32783333,147.73065000,1566.00,,,,,,
724,2017-01-04T03:09:24Z,-33.32776667,147.72966667,1558.00,,,,,,
725,2017-01-04T03:09:29Z,-33.32761667,147.72875000,1541.00,,,,,,
726,2017-01-04T03:09:34Z,-33.32740000,147.72785000,1531.00,,,,,,
727,2017-01-04T03:09:39Z,-33.32723333,147.72700000,1519.00,,,,,,
728,2017-01-04T03:09:44Z,-33.32708333,147.72605000,1513.00,,,,,,
729,2017-01-04T03:09:49Z,-33.32698333,147.72510000,1502.00,,,,,,
730,2017-01-04T03:09:54Z,-33.32681667,147.72421667,1490.00,,,,,,
731,2017-01-04T03:09:59Z,-33.32658333,147.72320000,1480.00,,,,,,
732,2017-01-04T03:10:04Z,-33.32635000,147.72228333,1472.00,,,,,,
733,2017-01-04T03:10:09Z,-33.32603333,147.72145000,1461.00,,,,,,
734,2017-01-04T03:10:14Z,-33.32578333,147.72050000,1451.00,,,,,,
735,2017-01-04T03:10:19Z,-33.32571667,147.71943333,1443.00,,,,,,
736,2017-01-04T03:10:24Z,-33.32568333,147.71841667,1432.00,,,,,,
737,2017-01-04T03:10:29Z,-33.32555000,147.71735000,1413.00,,,,,,
738,2017-01-04T03:10:34Z,-33.32538333,147.71618333,1402.00,,,,,,
739,2017-01-04T03:10:39Z,-33.32521667,147.71505000,1388.00,,,,,,
740,2017-01-04T03:10:44Z,-33.32505000,147.71390000,1380.00,,,,,,
741,2017-01-04T03:10:49Z,-33.32446667,147.71346667,1375.00,,,,,,
742,2017-01-04T03:10:54Z,-33.32405000,147.71261667,1358.00,,,,,,
743,2017-01-04T03:10:59Z,-33.32421667,147.71148333,1363.00,,,,,,
744,2017-01-04T03:11:04Z,-33.32446667,147.71048333,1367.00,,,,,,
745,2017-01-04T03:11:09Z,-33.32466667,147.70958333,1379.00,,,,,,
746,2017-01-04T03:11:14Z,-33.32508333,147.70903333,1385.00,,,,,,
747,2017-01-04T03:11:19Z,-33.32571667,147.70938333,1394.00,,,,,,
748,2017-01-04T03:11:24Z,-33.32608333,147.70986667,1392.00,,,,,,
749,2017-01-04T03:11:29Z,-33.32590000,147.71026667,1388.00,,,,,,
750,2017-01-04T03:11:34Z,-33.32531667,147.71008333,1389.00,,,,,,
751,2017-01-04T03:11:39Z,-33.32480000,147.70965000,1386.00,,,,,,
752,2017-01-04T03:11:44Z,-33.32445000,147.70901667,1400.00,,,,,,
753,2017-01-04T03:11:49Z,-33.32433333,147.70836667,1398.00,,,,,,
754,2017-01-04T03:11:54Z,-33.32485000,147.70781667,1402.00,,,,,,
755,2017-01-04T03:11:59Z,-33.32558333,147.70793333,1401.00,,,,,,
756,2017-01-04T03:12:04Z,-33.32591667,147.70855000,1413.00,,,,,,
757,2017-01-04T03:12:09Z,-33.32568333,147.70890000,1412.00,,,,,,
758,2017-01-04T03:12:14Z,-33.32525000,147.70848333,1411.00,,,,,,
759,2017-01-04T03:12:19Z,-33.32508333,147.70771667,1423.00,,,,,,
760,2017-01-04T03:12:24Z,-33.32520000,147.70695000,1428.00,,,,,,
761,2017-01-04T03:12:29Z,-33.32576667,147.70658333,1428.00,,,,,,
762,2017-01-04T03:12:34Z,-33.32650000,147.70681667,1435.00,,,,,,
763,2017-01-04T03:12:39Z,-33.32698333,147.70720000,1434.00,,,,,,
764,2017-01-04T03:12:44Z,-33.32720000,147.70775000,1435.00,,,,,,
765,2017-01-04T03:12:49Z,-33.32721667,147.70828333,1433.00,,,,,,
766,2017-01-04T03:12:54Z,-33.32703333,147.70880000,1435.00,,,,,,
767,2017-01-04T03:12:59Z,-33.32665000,147.70901667,1424.00,,,,,,
768,2017-01-04T03:13:04Z,-33.32606667,147.70870000,1419.00,,,,,,
769,2017-01-04T03:13:09Z,-33.32570000,147.70801667,1425.00,,,,,,
770,2017-01-04T03:13:14Z,-33.32548333,147.70726667,1432.00,,,,,,
771,2017-01-04T03:13:19Z,-33.32528333,147.70656667,1441.00,,,,,,
772,2017-01-04T03:13:24Z,-33.32505000,147.70588333,1451.00,,,,,,
773,2017-01-04T03:13:29Z,-33.32506667,147.70516667,1457.00,,,,,,
774,2017-01-04T03:13:34Z,-33.32565000,147.70496667,1461.00,,,,,,
775,2017-01-04T03:13:39Z,-33.32595000,147.70561667,1464.00,,,,,,
776,2017-01-04T03:13:44Z,-33.32561667,147.70608333,1462.00,,,,,,
777,2017-01-04T03:13:49Z,-33.32515000,147.70573333,1468.00,,,,,,
778,2017-01-04T03:13:54Z,-33.32496667,147.70511667,1479.00,,,,,,
779,2017-01-04T03:13:59Z,-33.32481667,147.70443333,1476.00,,,,,,
780,2017-01-04T03:14:04Z,-33.32523333,147.70368333,1482.00,,,,,,
781,2017-01-04T03:14:09Z,-33.32575000,147.70321667,1481.00,,,,,,
782,2017-01-04T03:14:14Z,-33.32633333,147.70343333,1497.00,,,,,,
783,2017-01-04T03:14:19Z,-33.32641667,147.70408333,1497.00,,,,,,
784,2017-01-04T03:14:24Z,-33.32598333,147.70435000,1503.00,,,,,,
785,2017-01-04T03:14:29Z,-33.32563333,147.70385000,1510.00,,,,,,
786,2017-01-04T03:14:34Z,-33.32548333,147.70321667,1515.00,,,,,,
787,2017-01-04T03:14:39Z,-33.32553333,147.70245000,1512.00,,,,,,
788,2017-01-04T03:14:44Z,-33.32603333,147.70178333,1518.00,,,,,,
789,2017-01-04T03:14:49Z,-33.32675000,147.70175000,1525.00,,,,,,
790,2017-01-04T03:14:54Z,-33.32715000,147.70220000,1530.00,,,,,,
791,2017-01-04T03:14:59Z,-33.32706667,147.70281667,1529.00,,,,,,
792,2017-01-04T03:15:04Z,-33.32660000,147.70306667,1533.00,,,,,,
793,2017-01-04T03:15:09Z,-33.32625000,147.70246667,1539.00,,,,,,
794,2017-01-04T03:15:14Z,-33.32631667,147.70166667,1544.00,,,,,,
795,2017-01-04T03:15:19Z,-33.32638333,147.70088333,1543.00,,,,,,
796,2017-01-04T03:15:24Z,-33.32690000,147.69983333,1544.00,,,,,,
797,2017-01-04T03:15:29Z,-33.32713333,147.69886667,1544.00,,,,,,
798,2017-01-04T03:15:34Z,-33.32760000,147.69813333,1553.00,,,,,,
799,2017-01-04T03:15:39Z,-33.32813333,147.69751667,1559.00,,,,,,
800,2017-01-04T03:15:44Z,-33.32880000,147.69720000,1560.00,,,,,,
801,2017-01-04T03:15:49Z,-33.32943333,147.69738333,1557.00,,,,,,
802,2017-01-04T03:15:54Z,-33.32965000,147.69803333,1552.00,,,,,,
803,2017-01-04T03:15:59Z,-33.32931667,147.69845000,1560.00,,,,,,
804,2017-01-04T03:16:04Z,-33.32883333,147.69811667,1556.00,,,,,,
805,2017-01-04T03:16:09Z,-33.32875000,147.69716667,1555.00,,,,,,
806,2017-01-04T03:16:14Z,-33.32891667,147.69628333,1546.00,,,,,,
807,2017-01-04T03:16:19Z,-33.32918333,147.69540000,1545.00,,,,,,
808,2017-01-04T03:16:24Z,-33.32963333,147.69448333,1534.00,,,,,,
809,2017-01-04T03:16:29Z,-33.32986667,147.69365000,1543.00,,,,,,
810,2017-01-04T03:16:34Z,-33.33013333,147.69280000,1536.00,,,,,,
811,2017-01-04T03:16:39Z,-33.33045000,147.69191667,1528.00,,,,,,
812,2017-01-04T03:16:44Z,-33.33071667,147.69095000,1524.00,,,,,,
813,2017-01-04T03:16:49Z,-33.33105000,147.68998333,1520.00,,,,,,
814,2017-01-04T03:16:54Z,-33.33136667,147.68910000,1514.00,,,,,,
815,2017-01-04T03:16:59Z,-33.33175000,147.68815000,1506.00,,,,,,
816,2017-01-04T03:17:04Z,-33.33200000,147.68715000,1506.00,,,,,,
817,2017-01-04T03:17:09Z,-33.33220000,147.68611667,1510.00,,,,,,
818,2017-01-04T03:17:14Z,-33.33243333,147.68496667,1532.00,,,,,,
819,2017-01-04T03:17:19Z,-33.33293333,147.68416667,1545.00,,,,,,
820,2017-01-04T03:17:24Z,-33.33355000,147.68411667,1546.00,,,,,,
821,2017-01-04T03:17:29Z,-33.33356667,147.68461667,1560.00,,,,,,
822,2017-01-04T03:17:34Z,-33.33296667,147.68445000,1572.00,,,,,,
823,2017-01-04T03:17:39Z,-33.33270000,147.68365000,1594.00,,,,,,
824,2017-01-04T03:17:44Z,-33.33318333,147.68298333,1599.00,,,,,,
825,2017-01-04T03:17:49Z,-33.33370000,147.68323333,1605.00,,,,,,
826,2017-01-04T03:17:54Z,-33.33343333,147.68363333,1621.00,,,,,,
827,2017-01-04T03:17:59Z,-33.33285000,147.68335000,1635.00,,,,,,
828,2017-01-04T03:18:04Z,-33.33241667,147.68255000,1649.00,,,,,,
829,2017-01-04T03:18:09Z,-33.33250000,147.68160000,1667.00,,,,,,
830,2017-01-04T03:18:14Z,-33.33315000,147.68131667,1670.00,,,,,,
831,2017-01-04T03:18:19Z,-33.33335000,147.68181667,1680.00,,,,,,
832,2017-01-04T03:18:24Z,-33.33285000,147.68188333,1690.00,,,,,,
833,2017-01-04T03:18:29Z,-33.33235000,147.68123333,1711.00,,,,,,
834,2017-01-04T03:18:34Z,-33.33235000,147.68033333,1721.00,,,,,,
835,2017-01-04T03:18:39Z,-33.33303333,147.68021667,1724.00,,,,,,
836,2017-01-04T03:18:44Z,-33.33321667,147.68075000,1736.00,,,,,,
837,2017-01-04T03:18:49Z,-33.33273333,147.68091667,1751.00,,,,,,
838,2017-01-04T03:18:54Z,-33.33226667,147.68023333,1765.00,,,,,,
839,2017-01-04T03:18:59Z,-33.33270000,147.67950000,1775.00,,,,,,
840,2017-01-04T03:19:04Z,-33.33323333,147.67980000,1782.00,,,,,,
841,2017-01-04T03:19:09Z,-33.33291667,147.68015000,1794.00,,,,,,
842,2017-01-04T03:19:14Z,-33.33241667,147.67956667,1811.00,,,,,,
843,2017-01-04T03:19:19Z,-33.33271667,147.67866667,1820.00,,,,,,
844,2017-01-04T03:19:24Z,-33.33341667,147.67845000,1825.00,,,,,,
845,2017-01-04T03:19:29Z,-33.33368333,147.67891667,1834.00,,,,,,
846,2017-01-04T03:19:34Z,-33.33311667,147.67885000,1848.00,,,,,,
847,2017-01-04T03:19:39Z,-33.33278333,147.67813333,1860.00,,,,,,
848,2017-01-04T03:19:44Z,-33.33321667,147.67743333,1865.00,,,,,,
849,2017-01-04T03:19:49Z,-33.33376667,147.67770000,1872.00,,,,,,
850,2017-01-04T03:19:54Z,-33.33345000,147.67811667,1884.00,,,,,,
851,2017-01-04T03:19:59Z,-33.33288333,147.67773333,1894.00,,,,,,
852,2017-01-04T03:20:04Z,-33.33265000,147.67685000,1902.00,,,,,,
853,2017-01-04T03:20:09Z,-33.33291667,147.67596667,1908.00,,,,,,
854,2017-01-04T03:20:14Z,-33.33360000,147.67553333,1906.00,,,,,,
855,2017-01-04T03:20:19Z,-33.33400000,147.67600000,1906.00,,,,,,
856,2017-01-04T03:20:24Z,-33.33360000,147.67623333,1915.00,,,,,,
857,2017-01-04T03:20:29Z,-33.33328333,147.67558333,1921.00,,,,,,
858,2017-01-04T03:20:34Z,-33.33338333,147.67471667,1923.00,,,,,,
859,2017-01-04T03:20:39Z,-33.33365000,147.67390000,1922.00,,,,,,
860,2017-01-04T03:20:44Z,-33.33416667,147.67323333,1917.00,,,,,,
861,2017-01-04T03:20:49Z,-33.33473333,147.67261667,1902.00,,,,,,
862,2017-01-04T03:20:54Z,-33.33498333,147.67163333,1896.00,,,,,,
863,2017-01-04T03:20:59Z,-33.33506667,147.67066667,1886.00,,,,,,
864,2017-01-04T03:21:04Z,-33.33500000,147.66968333,1881.00,,,,,,
865,2017-01-04T03:21:09Z,-33.33480000,147.66866667,1875.00,,,,,,
866,2017-01-04T03:21:14Z,-33.33461667,147.66761667,1869.00,,,,,,
867,2017-01-04T03:21:19Z,-33.33448333,147.66651667,1875.00,,,,,,
868,2017-01-04T03:21:24Z,-33.33431667,147.66548333,1872.00,,,,,,
869,2017-01-04T03:21:29Z,-33.33420000,147.66443333,1871.00,,,,,,
870,2017-01-04T03:21:34Z,-33.33403333,147.66336667,1873.00,,,,,,
871,2017-01-04T03:21:39Z,-33.33386667,147.66245000,1869.00,,,,,,
872,2017-01-04T03:21:44Z,-33.33370000,147.66155000,1864.00,,,,,,
873,2017-01-04T03:21:49Z,-33.33368333,147.66058333,1862.00,,,,,,
874,2017-01-04T03:21:54Z,-33.33376667,147.65968333,1863.00,,,,,,
875,2017-01-04T03:21:59Z,-33.33360000,147.65876667,1859.00,,,,,,
876,2017-01-04T03:22:04Z,-33.33313333,147.65788333,1862.00,,,,,,
877,2017-01-04T03:22:09Z,-33.33286667,147.65698333,1860.00,,,,,,
878,2017-01-04T03:22:14Z,-33.33275000,147.65593333,1865.00,,,,,,
879,2017-01-04T03:22:19Z,-33.33268333,147.65486667,1863.00,,,,,,
880,2017-01-04T03:22:24Z,-33.33258333,147.65383333,1863.00,,,,,,
881,2017-01-04T03:22:29Z,-33.33228333,147.65286667,1853.00,,,,,,
882,2017-01-04T03:22:34Z,-33.33200000,147.65181667,1840.00,,,,,,
883,2017-01-04T03:22:39Z,-33.33191667,147.65071667,1827.00,,,,,,
884,2017-01-04T03:22:44Z,-33.33188333,147.64973333,1811.00,,,,,,
885,2017-01-04T03:22:49Z,-33.33188333,147.64868333,1793.00,,,,,,
886,2017-01-04T03:22:54Z,-33.33180000,147.64760000,1788.00,,,,,,
887,2017-01-04T03:22:59Z,-33.33173333,147.64668333,1778.00,,,,,,
888,2017-01-04T03:23:04Z,-33.33175000,147.64563333,1771.00,,,,,,
889,2017-01-04T03:23:09Z,-33.33165000,147.64463333,1773.00,,,,,,
890,2017-01-04T03:23:14Z,-33.33151667,147.64371667,1772.00,,,,,,
891,2017-01-04T03:23:19Z,-33.33138333,147.64276667,1764.00,,,,,,
892,2017-01-04T03:23:24Z,-33.33131667,147.64175000,1767.00,,,,,,
893,2017-01-04T03:23:29Z,-33.33125000,147.64081667,1760.00,,,,,,
894,2017-01-04T03:23:34Z,-33.33126667,147.63975000,1750.00,,,,,,
895,2017-01-04T03:23:39Z,-33.33136667,147.63873333,1745.00,,,,,,
896,2017-01-04T03:23:44Z,-33.33143333,147.63770000,1730.00,,,,,,
897,2017-01-04T03:23:49Z,-33.33151667,147.63670000,1727.00,,,,,,
898,2017-01-04T03:23:54Z,-33.33151667,147.63576667,1715.00,,,,,,
899,2017-01-04T03:23:59Z,-33.33143333,147.63486667,1708.00,,,,,,
900,2017-01-04T03:24:04Z,-33.33118333,147.63400000,1693.00,,,,,,
901,2017-01-04T03:24:09Z,-33.33130000,147.63305000,1691.00,,,,,,
902,2017-01-04T03:24:14Z,-33.33151667,147.63218333,1684.00,,,,,,
903,2017-01-04T03:24:19Z,-33.33170000,147.63126667,1677.00,,,,,,
904,2017-01-04T03:24:24Z,-33.33193333,147.63035000,1672.00,,,,,,
905,2017-01-04T03:24:29Z,-33.33208333,147.62948333,1666.00,,,,,,
906,2017-01-04T03:24:34Z,-33.33231667,147.62861667,1656.00,,,,,,
907,2017-01-04T03:24:39Z,-33.33263333,147.62780000,1646.00,,,,,,
908,2017-01-04T03:24:44Z,-33.33295000,147.62695000,1636.00,,,,,,
909,2017-01-04T03:24:49Z,-33.33313333,147.62601667,1624.00,,,,,,
910,2017-01-04T03:24:54Z,-33.33328333,147.62503333,1614.00,,,,,,
911,2017-01-04T03:24:59Z,-33.33360000,147.62413333,1604.00,,,,,,
912,2017-01-04T03:25:04Z,-33.33381667,147.62328333,1587.00,,,,,,
913,2017-01-04T03:25:09Z,-33.33396667,147.62243333,1577.00,,,,,,
914,2017-01-04T03:25:14Z,-33.33410000,147.62165000,1568.00,,,,,,
915,2017-01-04T03:25:19Z,-33.33420000,147.62058333,1568.00,,,,,,
916,2017-01-04T03:25:24Z,-33.33430000,147.61980000,1576.00,,,,,,
917,2017-01-04T03:25:29Z,-33.33438333,147.61905000,1566.00,,,,,,
918,2017-01-04T03:25:34Z,-33.33460000,147.61821667,1553.00,,,,,,
919,2017-01-04T03:25:39Z,-33.33478333,147.61725000,1546.00,,,,,,
920,2017-01-04T03:25:44Z,-33.33486667,147.61631667,1560.00,,,,,,
921,2017-01-04T03:25:49Z,-33.33498333,147.61528333,1557.00,,,,,,
922,2017-01-04T03:25:54Z,-33.33498333,147.61428333,1565.00,,,,,,
923,2017-01-04T03:25:59Z,-33.33508333,147.61343333,1564.00,,,,,,
924,2017-01-04T03:26:04Z,-33.33513333,147.61251667,1558.00,,,,,,
925,2017-01-04T03:26:09Z,-33.33520000,147.61163333,1556.00,,,,,,
926,2017-01-04T03:26:14Z,-33.33533333,147.61073333,1551.00,,,,,,
927,2017-01-04T03:26:19Z,-33.33543333,147.60985000,1543.00,,,,,,
928,2017-01-04T03:26:24Z,-33.33545000,147.60886667,1535.00,,,,,,
929,2017-01-04T03:26:29Z,-33.33551667,147.60791667,1527.00,,,,,,
930,2017-01-04T03:26:34Z,-33.33558333,147.60695000,1516.00,,,,,,
931,2017-01-04T03:26:39Z,-33.33550000,147.60593333,1501.00,,,,,,
932,2017-01-04T03:26:44Z,-33.33556667,147.60488333,1493.00,,,,,,
933,2017-01-04T03:26:49Z,-33.33566667,147.60383333,1483.00,,,,,,
934,2017-01-04T03:26:54Z,-33.33588333,147.60280000,1478.00,,,,,,
935,2017-01-04T03:27:00Z,-33.33606667,147.60178333,1473.00,,,,,,
936,2017-01-04T03:27:05Z,-33.33618333,147.60081667,1470.00,,,,,,
937,2017-01-04T03:27:10Z,-33.33621667,147.59973333,1463.00,,,,,,
938,2017-01-04T03:27:15Z,-33.33631667,147.59866667,1461.00,,,,,,
939,2017-01-04T03:27:20Z,-33.33626667,147.59763333,1456.00,,,,,,
940,2017-01-04T03:27:25Z,-33.33633333,147.59658333,1448.00,,,,,,
941,2017-01-04T03:27:30Z,-33.33658333,147.59556667,1439.00,,,,,,
942,2017-01-04T03:27:35Z,-33.33716667,147.59483333,1423.00,,,,,,
943,2017-01-04T03:27:40Z,-33.33793333,147.59430000,1419.00,,,,,,
944,2017-01-04T03:27:45Z,-33.33863333,147.59418333,1420.00,,,,,,
945,2017-01-04T03:27:50Z,-33.33925000,147.59441667,1435.00,,,,,,
946,2017-01-04T03:27:55Z,-33.33973333,147.59485000,1446.00,,,,,,
947,2017-01-04T03:28:00Z,-33.34033333,147.59515000,1451.00,,,,,,
948,2017-01-04T03:28:05Z,-33.34090000,147.59553333,1469.00,,,,,,
949,2017-01-04T03:28:10Z,-33.34155000,147.59578333,1478.00,,,,,,
950,2017-01-04T03:28:15Z,-33.34230000,147.59563333,1491.00,,,,,,
951,2017-01-04T03:28:20Z,-33.34273333,147.59493333,1501.00,,,,,,
952,2017-01-04T03:28:25Z,-33.34253333,147.59418333,1512.00,,,,,,
953,2017-01-04T03:28:30Z,-33.34200000,147.59425000,1525.00,,,,,,
954,2017-01-04T03:28:35Z,-33.34190000,147.59476667,1538.00,,,,,,
955,2017-01-04T03:28:40Z,-33.34205000,147.59533333,1546.00,,,,,,
956,2017-01-04T03:28:45Z,-33.34265000,147.59563333,1549.00,,,,,,
957,2017-01-04T03:28:50Z,-33.34331667,147.59530000,1555.00,,,,,,
958,2017-01-04T03:28:55Z,-33.34373333,147.59450000,1559.00,,,,,,
959,2017-01-04T03:29:00Z,-33.34373333,147.59365000,1568.00,,,,,,
960,2017-01-04T03:29:05Z,-33.34338333,147.59315000,1575.00,,,,,,
961,2017-01-04T03:29:10Z,-33.34290000,147.59316667,1592.00,,,,,,
962,2017-01-04T03:29:15Z,-33.34263333,147.59358333,1598.00,,,,,,
963,2017-01-04T03:29:20Z,-33.34271667,147.59403333,1608.00,,,,,,
964,2017-01-04T03:29:25Z,-33.34315000,147.59446667,1613.00,,,,,,
965,2017-01-04T03:29:30Z,-33.34390000,147.59433333,1617.00,,,,,,
966,2017-01-04T03:29:35Z,-33.34436667,147.59360000,1611.00,,,,,,
967,2017-01-04T03:29:40Z,-33.34445000,147.59271667,1611.00,,,,,,
968,2017-01-04T03:29:45Z,-33.34406667,147.59221667,1615.00,,,,,,
969,2017-01-04T03:29:50Z,-33.34356667,147.59228333,1625.00,,,,,,
970,2017-01-04T03:29:55Z,-33.34333333,147.59273333,1627.00,,,,,,
971,2017-01-04T03:30:00Z,-33.34346667,147.59331667,1636.00,,,,,,
972,2017-01-04T03:30:05Z,-33.34408333,147.59365000,1641.00,,,,,,
973,2017-01-04T03:30:10Z,-33.34481667,147.59333333,1648.00,,,,,,
974,2017-01-04T03:30:15Z,-33.34518333,147.59248333,1640.00,,,,,,
975,2017-01-04T03:30:20Z,-33.34481667,147.59186667,1637.00,,,,,,
976,2017-01-04T03:30:25Z,-33.34435000,147.59196667,1633.00,,,,,,
977,2017-01-04T03:30:30Z,-33.34406667,147.59231667,1635.00,,,,,,
978,2017-01-04T03:30:35Z,-33.34390000,147.59268333,1641.00,,,,,,
979,2017-01-04T03:30:40Z,-33.34358333,147.59308333,1654.00,,,,,,
980,2017-01-04T03:30:45Z,-33.34353333,147.59350000,1669.00,,,,,,
981,2017-01-04T03:30:50Z,-33.34401667,147.59375000,1666.00,,,,,,
982,2017-01-04T03:30:55Z,-33.34435000,147.59288333,1655.00,,,,,,
983,2017-01-04T03:31:00Z,-33.34383333,147.59251667,1653.00,,,,,,
984,2017-01-04T03:31:05Z,-33.34353333,147.59290000,1670.00,,,,,,
985,2017-01-04T03:31:10Z,-33.34320000,147.59330000,1663.00,,,,,,
986,2017-01-04T03:31:15Z,-33.34260000,147.59305000,1663.00,,,,,,
987,2017-01-04T03:31:20Z,-33.34236667,147.59210000,1685.00,,,,,,
988,2017-01-04T03:31:25Z,-33.34286667,147.59158333,1699.00,,,,,,
989,2017-01-04T03:31:30Z,-33.34318333,147.59205000,1718.00,,,,,,
990,2017-01-04T03:31:35Z,-33.34281667,147.59231667,1726.00,,,,,,
991,2017-01-04T03:31:40Z,-33.34246667,147.59155000,1745.00,,,,,,
992,2017-01-04T03:31:45Z,-33.34285000,147.59073333,1767.00,,,,,,
993,2017-01-04T03:31:50Z,-33.34351667,147.59055000,1787.00,,,,,,
994,2017-01-04T03:31:55Z,-33.34378333,147.59106667,1805.00,,,,,,
995,2017-01-04T03:32:00Z,-33.34336667,147.59126667,1804.00,,,,,,
996,2017-01-04T03:32:05Z,-33.34283333,147.59080000,1824.00,,,,,,
997,2017-01-04T03:32:10Z,-33.34241667,147.59023333,1832.00,,,,,,
998,2017-01-04T03:32:15Z,-33.34250000,147.58931667,1839.00,,,,,,
999,2017-01-04T03:32:20Z,-33.34320000,147.58898333,1858.00,,,,,,
1000,2017-01-04T03:32:25Z,-33.34371667,147.58930000,1878.00,,,,,,
1001,2017-01-04T03:32:30Z,-33.34373333,147.58986667,1890.00,,,,,,
1002,2017-01-04T03:32:35Z,-33.34325000,147.58983333,1913.00,,,,,,
1003,2017-01-04T03:32:40Z,-33.34290000,147.58930000,1917.00,,,,,,
1004,2017-01-04T03:32:45Z,-33.34305000,147.58838333,1927.00,,,,,,
1005,2017-01-04T03:32:50Z,-33.34368333,147.58790000,1940.00,,,,,,
1006,2017-01-04T03:32:55Z,-33.34426667,147.58813333,1953.00,,,,,,
1007,2017-01-04T03:33:00Z,-33.34416667,147.58873333,1960.00,,,,,,
1008,2017-01-04T03:33:05Z,-33.34378333,147.58885000,1974.00,,,,,,
1009,2017-01-04T03:33:10Z,-33.34361667,147.58808333,1976.00,,,,,,
1010,2017-01-04T03:33:15Z,-33.34431667,147.58773333,1988.00,,,,,,
1011,2017-01-04T03:33:20Z,-33.34470000,147.58823333,1997.00,,,,,,
1012,2017-01-04T03:33:25Z,-33.34445000,147.58871667,2005.00,,,,,,
1013,2017-01-04T03:33:30Z,-33.34408333,147.58836667,1997.00,,,,,,
1014,2017-01-04T03:33:35Z,-33.34378333,147.58751667,2014.00,,,,,,
1015,2017-01-04T03:33:40Z,-33.34370000,147.58660000,2021.00,,,,,,
1016,2017-01-04T03:33:45Z,-33.34438333,147.58636667,2028.00,,,,,,
1017,2017-01-04T03:33:50Z,-33.34445000,147.58686667,2041.00,,,,,,
1018,2017-01-04T03:33:55Z,-33.34400000,147.58651667,2056.00,,,,,,
1019,2017-01-04T03:34:00Z,-33.34411667,147.58558333,2066.00,,,,,,
1020,2017-01-04T03:34:05Z,-33.34483333,147.58535000,2076.00,,,,,,
1021,2017-01-04T03:34:10Z,-33.34515000,147.58578333,2087.00,,,,,,
1022,2017-01-04T03:34:15Z,-33.34483333,147.58613333,2103.00,,,,,,
1023,2017-01-04T03:34:20Z,-33.34435000,147.58560000,2107.00,,,,,,
1024,2017-01-04T03:34:25Z,-33.34425000,147.58463333,2117.00,,,,,,
1025,2017-01-04T03:34:30Z,-33.34473333,147.58385000,2123.00,,,,,,
1026,2017-01-04T03:34:35Z,-33.34540000,147.58393333,2126.00,,,,,,
1027,2017-01-04T03:34:40Z,-33.34545000,147.58445000,2135.00,,,,,,
1028,2017-01-04T03:34:45Z,-33.34491667,147.58438333,2137.00,,,,,,
1029,2017-01-04T03:34:50Z,-33.34455000,147.58395000,2136.00,,,,,,
1030,2017-01-04T03:34:55Z,-33.34416667,147.58288333,2140.00,,,,,,
1031,2017-01-04T03:35:00Z,-33.34361667,147.58220000,2137.00,,,,,,
1032,2017-01-04T03:35:05Z,-33.34321667,147.58145000,2123.00,,,,,,
1033,2017-01-04T03:35:10Z,-33.34306667,147.58038333,2114.00,,,,,,
1034,2017-01-04T03:35:15Z,-33.34300000,147.57933333,2104.00,,,,,,
1035,2017-01-04T03:35:20Z,-33.34293333,147.57821667,2100.00,,,,,,
1036,2017-01-04T03:35:25Z,-33.34285000,147.57716667,2090.00,,,,,,
1037,2017-01-04T03:35:30Z,-33.34270000,147.57601667,2084.00,,,,,,
1038,2017-01-04T03:35:35Z,-33.34246667,147.57493333,2079.00,,,,,,
1039,2017-01-04T03:35:40Z,-33.34225000,147.57386667,2071.00,,,,,,
1040,2017-01-04T03:35:45Z,-33.34208333,147.57271667,2060.00,,,,,,
1041,2017-01-04T03:35:50Z,-33.34196667,147.57155000,2063.00,,,,,,
1042,2017-01-04T03:35:55Z,-33.34180000,147.57048333,2065.00,,,,,,
1043,2017-01-04T03:36:00Z,-33.34163333,147.56931667,2063.00,,,,,,
1044,2017-01-04T03:36:05Z,-33.34146667,147.56810000,2059.00,,,,,,
1045,2017-01-04T03:36:10Z,-33.34141667,147.56686667,2061.00,,,,,,
1046,2017-01-04T03:36:15Z,-33.34130000,147.56558333,2045.00,,,,,,
1047,2017-01-04T03:36:20Z,-33.34123333,147.56421667,2032.00,,,,,,
1048,2017-01-04T03:36:25Z,-33.34123333,147.56283333,2019.00,,,,,,
1049,2017-01-04T03:36:30Z,-33.34101667,147.56150000,2007.00,,,,,,
1050,2017-01-04T03:36:35Z,-33.34081667,147.56021667,2002.00,,,,,,
1051,2017-01-04T03:36:40Z,-33.34063333,147.55900000,1989.00,,,,,,
1052,2017-01-04T03:36:45Z,-33.34055000,147.55773333,1981.00,,,,,,
1053,2017-01-04T03:36:50Z,-33.34045000,147.55648333,1971.00,,,,,,
1054,2017-01-04T03:36:55Z,-33.34031667,147.55520000,1955.00,,,,,,
1055,2017-01-04T03:37:00Z,-33.34026667,147.55390000,1953.00,,,,,,
1056,2017-01-04T03:37:05Z,-33.34028333,147.55270000,1956.00,,,,,,
1057,2017-01-04T03:37:10Z,-33.34023333,147.55153333,1954.00,,,,,,
1058,2017-01-04T03:37:15Z,-33.34018333,147.55066667,1954.00,,,,,,
1059,2017-01-04T03:37:20Z,-33.34006667,147.54941667,1949.00,,,,,,
1060,2017-01-04T03:37:25Z,-33.34013333,147.54823333,1939.00,,,,,,
1061,2017-01-04T03:37:30Z,-33.34015000,147.54708333,1943.00,,,,,,
1062,2017-01-04T03:37:35Z,-33.34001667,147.54593333,1941.00,,,,,,
1063,2017-01-04T03:37:40Z,-33.33985000,147.54476667,1943.00,,,,,,
1064,2017-01-04T03:37:45Z,-33.33965000,147.54363333,1943.00,,,,,,
1065,2017-01-04T03:37:50Z,-33.33945000,147.54251667,1930.00,,,,,,
1066,2017-01-04T03:37:55Z,-33.33926667,147.54135000,1923.00,,,,,,
1067,2017-01-04T03:38:00Z,-33.33911667,147.54013333,1928.00,,,,,,
1068,2017-01-04T03:38:05Z,-33.33905000,147.53898333,1929.00,,,,,,
1069,2017-01-04T03:38:10Z,-33.33910000,147.53780000,1923.00,,,,,,
1070,2017-01-04T03:38:15Z,-33.33911667,147.53665000,1918.00,,,,,,
1071,2017-01-04T03:38:20Z,-33.33916667,147.53551667,1896.00,,,,,,
1072,2017-01-04T03:38:25Z,-33.33923333,147.53418333,1873.00,,,,,,
1073,2017-01-04T03:38:30Z,-33.33931667,147.53290000,1857.00,,,,,,
1074,2017-01-04T03:38:35Z,-33.33953333,147.53163333,1853.00,,,,,,
1075,2017-01-04T03:38:40Z,-33.33975000,147.53046667,1842.00,,,,,,
1076,2017-01-04T03:38:45Z,-33.33991667,147.52925000,1836.00,,,,,,
1077,2017-01-04T03:38:50Z,-33.34016667,147.52805000,1829.00,,,,,,
1078,2017-01-04T03:38:55Z,-33.34050000,147.52686667,1821.00,,,,,,
1079,2017-01-04T03:39:00Z,-33.34080000,147.52568333,1809.00,,,,,,
1080,2017-01-04T03:39:05Z,-33.34100000,147.52443333,1800.00,,,,,,
1081,2017-01-04T03:39:10Z,-33.34135000,147.52320000,1795.00,,,,,,
1082,2017-01-04T03:39:15Z,-33.34175000,147.52203333,1785.00,,,,,,
1083,2017-01-04T03:39:20Z,-33.34211667,147.52090000,1779.00,,,,,,
1084,2017-01-04T03:39:25Z,-33.34245000,147.51970000,1772.00,,,,,,
1085,2017-01-04T03:39:30Z,-33.34271667,147.51850000,1765.00,,,,,,
1086,2017-01-04T03:39:35Z,-33.34295000,147.51726667,1759.00,,,,,,
1087,2017-01-04T03:39:40Z,-33.34316667,147.51605000,1758.00,,,,,,
1088,2017-01-04T03:39:45Z,-33.34336667,147.51496667,1750.00,,,,,,
1089,2017-01-04T03:39:50Z,-33.34360000,147.51381667,1744.00,,,,,,
1090,2017-01-04T03:39:55Z,-33.34391667,147.51266667,1741.00,,,,,,
1091,2017-01-04T03:40:00Z,-33.34418333,147.51153333,1731.00,,,,,,
1092,2017-01-04T03:40:05Z,-33.34436667,147.51028333,1717.00,,,,,,
1093,2017-01-04T03:40:10Z,-33.34465000,147.50901667,1707.00,,,,,,
1094,2017-01-04T03:40:15Z,-33.34498333,147.50778333,1698.00,,,,,,
1095,2017-01-04T03:40:20Z,-33.34535000,147.50663333,1693.00,,,,,,
1096,2017-01-04T03:40:25Z,-33.34568333,147.50545000,1691.00,,,,,,
1097,2017-01-04T03:40:30Z,-33.34593333,147.50440000,1688.00,,,,,,
1098,2017-01-04T03:40:35Z,-33.34618333,147.50326667,1671.00,,,,,,
1099,2017-01-04T03:40:40Z,-33.34645000,147.50223333,1657.00,,,,,,
1100,2017-01-04T03:40:45Z,-33.34670000,147.50108333,1643.00,,,,,,
1101,2017-01-04T03:40:50Z,-33.34688333,147.50000000,1629.00,,,,,,
1102,2017-01-04T03:40:55Z,-33.34703333,147.49886667,1616.00,,,,,,
1103,2017-01-04T03:41:00Z,-33.34720000,147.49770000,1607.00,,,,,,
1104,2017-01-04T03:41:05Z,-33.34740000,147.49661667,1590.00,,,,,,
1105,2017-01-04T03:41:10Z,-33.34753333,147.49543333,1578.00,,,,,,
1106,2017-01-04T03:41:15Z,-33.34775000,147.49428333,1564.00,,,,,,
1107,2017-01-04T03:41:20Z,-33.34795000,147.49313333,1555.00,,,,,,
1108,2017-01-04T03:41:25Z,-33.34811667,147.49206667,1546.00,,,,,,
1109,2017-01-04T03:41:30Z,-33.34830000,147.49096667,1534.00,,,,,,
1110,2017-01-04T03:41:35Z,-33.34853333,147.48991667,1523.00,,,,,,
1111,2017-01-04T03:41:40Z,-33.34876667,147.48888333,1512.00,,,,,,
1112,2017-01-04T03:41:45Z,-33.34900000,147.48781667,1500.00,,,,,,
1113,2017-01-04T03:41:50Z,-33.34930000,147.48680000,1491.00,,,,,,
1114,2017-01-04T03:41:55Z,-33.34953333,147.48575000,1474.00,,,,,,
1115,2017-01-04T03:42:00Z,-33.34968333,147.48465000,1460.00,,,,,,
1116,2017-01-04T03:42:05Z,-33.34986667,147.48358333,1452.00,,,,,,
1117,2017-01-04T03:42:10Z,-33.35000000,147.48253333,1440.00,,,,,,
1118,2017-01-04T03:42:15Z,-33.35025000,147.48146667,1432.00,,,,,,
1119,2017-01-04T03:42:20Z,-33.35035000,147.48040000,1426.00,,,,,,
1120,2017-01-04T03:42:25Z,-33.35046667,147.47938333,1419.00,,,,,,
1121,2017-01-04T03:42:30Z,-33.35050000,147.47840000,1413.00,,,,,,
1122,2017-01-04T03:42:35Z,-33.35048333,147.47746667,1406.00,,,,,,
1123,2017-01-04T03:42:40Z,-33.35076667,147.47656667,1400.00,,,,,,
1124,2017-01-04T03:42:45Z,-33.35116667,147.47570000,1392.00,,,,,,
1125,2017-01-04T03:42:50Z,-33.35156667,147.47476667,1387.00,,,,,,
1126,2017-01-04T03:42:55Z,-33.35191667,147.47375000,1378.00,,,,,,
1127,2017-01-04T03:43:00Z,-33.35235000,147.47275000,1374.00,,,,,,
1128,2017-01-04T03:43:05Z,-33.35278333,147.47180000,1368.00,,,,,,
1129,2017-01-04T03:43:10Z,-33.35323333,147.47088333,1366.00,,,,,,
1130,2017-01-04T03:43:15Z,-33.35358333,147.46991667,1355.00,,,,,,
1131,2017-01-04T03:43:20Z,-33.35391667,147.46900000,1344.00,,,,,,
1132,2017-01-04T03:43:25Z,-33.35431667,147.46806667,1341.00,,,,,,
1133,2017-01-04T03:43:30Z,-33.35481667,147.46723333,1335.00,,,,,,
1134,2017-01-04T03:43:35Z,-33.35523333,147.46631667,1327.00,,,,,,
1135,2017-01-04T03:43:40Z,-33.35571667,147.46533333,1327.00,,,,,,
1136,2017-01-04T03:43:45Z,-33.35623333,147.46443333,1342.00,,,,,,
1137,2017-01-04T03:43:50Z,-33.35676667,147.46365000,1347.00,,,,,,
1138,2017-01-04T03:43:55Z,-33.35705000,147.46265000,1353.00,,,,,,
1139,2017-01-04T03:44:00Z,-33.35708333,147.46161667,1366.00,,,,,,
1140,2017-01-04T03:44:05Z,-33.35705000,147.46066667,1385.00,,,,,,
1141,2017-01-04T03:44:10Z,-33.35675000,147.45986667,1396.00,,,,,,
1142,2017-01-04T03:44:15Z,-33.35621667,147.45945000,1412.00,,,,,,
1143,2017-01-04T03:44:20Z,-33.35576667,147.45971667,1425.00,,,,,,
1144,2017-01-04T03:44:25Z,-33.35596667,147.46015000,1440.00,,,,,,
1145,2017-01-04T03:44:30Z,-33.35663333,147.46018333,1457.00,,,,,,
1146,2017-01-04T03:44:35Z,-33.35721667,147.45961667,1474.00,,,,,,
1147,2017-01-04T03:44:40Z,-33.35735000,147.45890000,1489.00,,,,,,
1148,2017-01-04T03:44:45Z,-33.35698333,147.45793333,1503.00,,,,,,
1149,2017-01-04T03:44:50Z,-33.35645000,147.45745000,1517.00,,,,,,
1150,2017-01-04T03:44:55Z,-33.35583333,147.45741667,1528.00,,,,,,
1151,2017-01-04T03:45:00Z,-33.35531667,147.45775000,1535.00,,,,,,
1152,2017-01-04T03:45:05Z,-33.35511667,147.45828333,1560.00,,,,,,
1153,2017-01-04T03:45:10Z,-33.35481667,147.45875000,1575.00,,,,,,
1154,2017-01-04T03:45:15Z,-33.35505000,147.45921667,1588.00,,,,,,
1155,2017-01-04T03:45:20Z,-33.35560000,147.45938333,1600.00,,,,,,
1156,2017-01-04T03:45:25Z,-33.35620000,147.45931667,1612.00,,,,,,
1157,2017-01-04T03:45:30Z,-33.35676667,147.45903333,1621.00,,,,,,
1158,2017-01-04T03:45:35Z,-33.35726667,147.45845000,1631.00,,,,,,
1159,2017-01-04T03:45:40Z,-33.35735000,147.45750000,1644.00,,,,,,
1160,2017-01-04T03:45:45Z,-33.35685000,147.45703333,1664.00,,,,,,
1161,2017-01-04T03:45:50Z,-33.35658333,147.45738333,1676.00,,,,,,
1162,2017-01-04T03:45:55Z,-33.35685000,147.45780000,1692.00,,,,,,
1163,2017-01-04T03:46:00Z,-33.35748333,147.45775000,1705.00,,,,,,
1164,2017-01-04T03:46:05Z,-33.35796667,147.45708333,1720.00,,,,,,
1165,2017-01-04T03:46:10Z,-33.35780000,147.45616667,1739.00,,,,,,
1166,2017-01-04T03:46:15Z,-33.35725000,147.45608333,1759.00,,,,,,
1167,2017-01-04T03:46:20Z,-33.35713333,147.45658333,1768.00,,,,,,
1168,2017-01-04T03:46:25Z,-33.35758333,147.45688333,1789.00,,,,,,
1169,2017-01-04T03:46:30Z,-33.35821667,147.45655000,1795.00,,,,,,
1170,2017-01-04T03:46:35Z,-33.35856667,147.45565000,1816.00,,,,,,
1171,2017-01-04T03:46:40Z,-33.35821667,147.45498333,1834.00,,,,,,
1172,2017-01-04T03:46:45Z,-33.35783333,147.45528333,1849.00,,,,,,
1173,2017-01-04T03:46:50Z,-33.35803333,147.45578333,1866.00,,,,,,
1174,2017-01-04T03:46:55Z,-33.35861667,147.45593333,1872.00,,,,,,
1175,2017-01-04T03:47:00Z,-33.35920000,147.45563333,1880.00,,,,,,
1176,2017-01-04T03:47:05Z,-33.35933333,147.45476667,1890.00,,,,,,
1177,2017-01-04T03:47:10Z,-33.35880000,147.45435000,1911.00,,,,,,
1178,2017-01-04T03:47:15Z,-33.35845000,147.45471667,1924.00,,,,,,
1179,2017-01-04T03:47:20Z,-33.35838333,147.45545000,1929.00,,,,,,
1180,2017-01-04T03:47:25Z,-33.35890000,147.45578333,1936.00,,,,,,
1181,2017-01-04T03:47:30Z,-33.35961667,147.45558333,1944.00,,,,,,
1182,2017-01-04T03:47:35Z,-33.36015000,147.45506667,1939.00,,,,,,
1183,2017-01-04T03:47:40Z,-33.36031667,147.45421667,1941.00,,,,,,
1184,2017-01-04T03:47:45Z,-33.35990000,147.45360000,1937.00,,,,,,
1185,2017-01-04T03:47:50Z,-33.35920000,147.45348333,1949.00,,,,,,
1186,2017-01-04T03:47:55Z,-33.35870000,147.45360000,1963.00,,,,,,
1187,2017-01-04T03:48:00Z,-33.35871667,147.45418333,1976.00,,,,,,
1188,2017-01-04T03:48:05Z,-33.35926667,147.45441667,1989.00,,,,,,
1189,2017-01-04T03:48:10Z,-33.35986667,147.45391667,1992.00,,,,,,
1190,2017-01-04T03:48:15Z,-33.35976667,147.45298333,1996.00,,,,,,
1191,2017-01-04T03:48:21Z,-33.35921667,147.45275000,2007.00,,,,,,
1192,2017-01-04T03:48:26Z,-33.35870000,147.45286667,2021.00,,,,,,
1193,2017-01-04T03:48:31Z,-33.35828333,147.45308333,2030.00,,,,,,
1194,2017-01-04T03:48:36Z,-33.35806667,147.45361667,2037.00,,,,,,
1195,2017-01-04T03:48:41Z,-33.35848333,147.45400000,2038.00,,,,,,
1196,2017-01-04T03:48:46Z,-33.35915000,147.45385000,2036.00,,,,,,
1197,2017-01-04T03:48:51Z,-33.35953333,147.45305000,2044.00,,,,,,
1198,2017-01-04T03:48:56Z,-33.35913333,147.45238333,2053.00,,,,,,
1199,2017-01-04T03:49:01Z,-33.35855000,147.45238333,2069.00,,,,,,
1200,2017-01-04T03:49:06Z,-33.35835000,147.45283333,2068.00,,,,,,
1201,2017-01-04T03:49:11Z,-33.35856667,147.45335000,2069.00,,,,,,
1202,2017-01-04T03:49:16Z,-33.35913333,147.45376667,2067.00,,,,,,
1203,2017-01-04T03:49:21Z,-33.35975000,147.45408333,2070.00,,,,,,
1204,2017-01-04T03:49:26Z,-33.36041667,147.45448333,2073.00,,,,,,
1205,2017-01-04T03:49:31Z,-33.36111667,147.45460000,2058.00,,,,,,
1206,2017-01-04T03:49:36Z,-33.36186667,147.45421667,2051.00,,,,,,
1207,2017-01-04T03:49:41Z,-33.36223333,147.45335000,2039.00,,,,,,
1208,2017-01-04T03:49:46Z,-33.36226667,147.45243333,2028.00,,,,,,
1209,2017-01-04T03:49:51Z,-33.36210000,147.45158333,2011.00,,,,,,
1210,2017-01-04T03:49:56Z,-33.36188333,147.45061667,2012.00,,,,,,
1211,2017-01-04T03:50:01Z,-33.36173333,147.44966667,2013.00,,,,,,
1212,2017-01-04T03:50:06Z,-33.36140000,147.44876667,2013.00,,,,,,
1213,2017-01-04T03:50:11Z,-33.36073333,147.44825000,2018.00,,,,,,
1214,2017-01-04T03:50:16Z,-33.36015000,147.44806667,2033.00,,,,,,
1215,2017-01-04T03:50:21Z,-33.35978333,147.44848333,2048.00,,,,,,
1216,2017-01-04T03:50:26Z,-33.35996667,147.44911667,2054.00,,,,,,
1217,2017-01-04T03:50:31Z,-33.36060000,147.44933333,2066.00,,,,,,
1218,2017-01-04T03:50:36Z,-33.36106667,147.44868333,2072.00,,,,,,
1219,2017-01-04T03:50:41Z,-33.36076667,147.44795000,2077.00,,,,,,
1220,2017-01-04T03:50:46Z,-33.36018333,147.44778333,2086.00,,,,,,
1221,2017-01-04T03:50:51Z,-33.35958333,147.44786667,2098.00,,,,,,
1222,2017-01-04T03:50:56Z,-33.35900000,147.44793333,2107.00,,,,,,
1223,2017-01-04T03:51:01Z,-33.35850000,147.44815000,2119.00,,,,,,
1224,2017-01-04T03:51:06Z,-33.35830000,147.44873333,2106.00,,,,,,
1225,2017-01-04T03:51:11Z,-33.35866667,147.44930000,2106.00,,,,,,
1226,2017-01-04T03:51:16Z,-33.35920000,147.44943333,2096.00,,,,,,
1227,2017-01-04T03:51:21Z,-33.35975000,147.44893333,2081.00,,,,,,
1228,2017-01-04T03:51:26Z,-33.35981667,147.44803333,2075.00,,,,,,
1229,2017-01-04T03:51:31Z,-33.35971667,147.44713333,2076.00,,,,,,
1230,2017-01-04T03:51:36Z,-33.35955000,147.44608333,2082.00,,,,,,
1231,2017-01-04T03:51:41Z,-33.35920000,147.44538333,2109.00,,,,,,
1232,2017-01-04T03:51:46Z,-33.35871667,147.44558333,2121.00,,,,,,
1233,2017-01-04T03:51:51Z,-33.35895000,147.44611667,2114.00,,,,,,
1234,2017-01-04T03:51:56Z,-33.35951667,147.44548333,2114.00,,,,,,
1235,2017-01-04T03:52:01Z,-33.35923333,147.44453333,2133.00,,,,,,
1236,2017-01-04T03:52:06Z,-33.35911667,147.44421667,2142.00,,,,,,
1237,2017-01-04T03:52:11Z,-33.35963333,147.44308333,2138.00,,,,,,
1238,2017-01-04T03:52:16Z,-33.36028333,147.44233333,2131.00,,,,,,
1239,2017-01-04T03:52:21Z,-33.36066667,147.44118333,2133.00,,,,,,
1240,2017-01-04T03:52:26Z,-33.36081667,147.44000000,2126.00,,,,,,
1241,2017-01-04T03:52:31Z,-33.36095000,147.43875000,2111.00,,,,,,
1242,2017-01-04T03:52:36Z,-33.36106667,147.43736667,2102.00,,,,,,
1243,2017-01-04T03:52:41Z,-33.36110000,147.43606667,2090.00,,,,,,
1244,2017-01-04T03:52:46Z,-33.36110000,147.43485000,2084.00,,,,,,
1245,2017-01-04T03:52:51Z,-33.36118333,147.43361667,2074.00,,,,,,
1246,2017-01-04T03:52:56Z,-33.36136667,147.43248333,2060.00,,,,,,
1247,2017-01-04T03:53:01Z,-33.36163333,147.43128333,2052.00,,,,,,
1248,2017-01-04T03:53:06Z,-33.36188333,147.43010000,2043.00,,,,,,
1249,2017-01-04T03:53:11Z,-33.36196667,147.42891667,2036.00,,,,,,
1250,2017-01-04T03:53:16Z,-33.36210000,147.42771667,2028.00,,,,,,
1251,2017-01-04T03:53:21Z,-33.36260000,147.42653333,2024.00,,,,,,
1252,2017-01-04T03:53:26Z,-33.36301667,147.42548333,2023.00,,,,,,
1253,2017-01-04T03:53:31Z,-33.36346667,147.42446667,2006.00,,,,,,
1254,2017-01-04T03:53:36Z,-33.36391667,147.42340000,1993.00,,,,,,
1255,2017-01-04T03:53:41Z,-33.36421667,147.42240000,1986.00,,,,,,
1256,2017-01-04T03:53:46Z,-33.36451667,147.42131667,1970.00,,,,,,
1257,2017-01-04T03:53:51Z,-33.36480000,147.42021667,1957.00,,,,,,
1258,2017-01-04T03:53:56Z,-33.36513333,147.41910000,1954.00,,,,,,
1259,2017-01-04T03:54:01Z,-33.36556667,147.41815000,1944.00,,,,,,
1260,2017-01-04T03:54:06Z,-33.36590000,147.41703333,1930.00,,,,,,
1261,2017-01-04T03:54:11Z,-33.36618333,147.41596667,1924.00,,,,,,
1262,2017-01-04T03:54:16Z,-33.36648333,147.41486667,1906.00,,,,,,
1263,2017-01-04T03:54:21Z,-33.36678333,147.41373333,1898.00,,,,,,
1264,2017-01-04T03:54:26Z,-33.36708333,147.41266667,1884.00,,,,,,
1265,2017-01-04T03:54:31Z,-33.36741667,147.41156667,1877.00,,,,,,
1266,2017-01-04T03:54:36Z,-33.36771667,147.41045000,1864.00,,,,,,
1267,2017-01-04T03:54:41Z,-33.36791667,147.40926667,1858.00,,,,,,
1268,2017-01-04T03:54:46Z,-33.36811667,147.40808333,1846.00,,,,,,
1269,2017-01-04T03:54:51Z,-33.36818333,147.40693333,1837.00,,,,,,
1270,2017-01-04T03:54:56Z,-33.36805000,147.40578333,1824.00,,,,,,
1271,2017-01-04T03:55:01Z,-33.36796667,147.40463333,1823.00,,,,,,
1272,2017-01-04T03:55:06Z,-33.36803333,147.40360000,1820.00,,,,,,
1273,2017-01-04T03:55:11Z,-33.36810000,147.40255000,1815.00,,,,,,
1274,2017-01-04T03:55:16Z,-33.36805000,147.40151667,1806.00,,,,,,
1275,2017-01-04T03:55:21Z,-33.36803333,147.40046667,1796.00,,,,,,
1276,2017-01-04T03:55:26Z,-33.36815000,147.39933333,1794.00,,,,,,
1277,2017-01-04T03:55:31Z,-33.36828333,147.39823333,1795.00,,,,,,
1278,2017-01-04T03:55:36Z,-33.36843333,147.39710000,1795.00,,,,,,
1279,2017-01-04T03:55:41Z,-33.36861667,147.39606667,1807.00,,,,,,
1280,2017-01-04T03:55:46Z,-33.36885000,147.39516667,1805.00,,,,,,
1281,2017-01-04T03:55:51Z,-33.36900000,147.39415000,1816.00,,,,,,
1282,2017-01-04T03:55:56Z,-33.36901667,147.39316667,1816.00,,,,,,
1283,2017-01-04T03:56:01Z,-33.36905000,147.39215000,1818.00,,,,,,
1284,2017-01-04T03:56:06Z,-33.36930000,147.39110000,1815.00,,,,,,
1285,2017-01-04T03:56:11Z,-33.36956667,147.39005000,1815.00,,,,,,
1286,2017-01-04T03:56:16Z,-33.36978333,147.38901667,1812.00,,,,,,
1287,2017-01-04T03:56:21Z,-33.36983333,147.38806667,1804.00,,,,,,
1288,2017-01-04T03:56:26Z,-33.36978333,147.38703333,1788.00,,,,,,
1289,2017-01-04T03:56:31Z,-33.36978333,147.38600000,1782.00,,,,,,
1290,2017-01-04T03:56:36Z,-33.36980000,147.38500000,1779.00,,,,,,
1291,2017-01-04T03:56:41Z,-33.36988333,147.38408333,1772.00,,,,,,
1292,2017-01-04T03:56:46Z,-33.36995000,147.38306667,1765.00,,,,,,
1293,2017-01-04T03:56:51Z,-33.37005000,147.38203333,1768.00,,,,,,
1294,2017-01-04T03:56:56Z,-33.37013333,147.38100000,1767.00,,,,,,
1295,2017-01-04T03:57:01Z,-33.37015000,147.37995000,1765.00,,,,,,
1296,2017-01-04T03:57:06Z,-33.37003333,147.37886667,1761.00,,,,,,
1297,2017-01-04T03:57:11Z,-33.36986667,147.37778333,1759.00,,,,,,
1298,2017-01-04T03:57:16Z,-33.36980000,147.37675000,1761.00,,,,,,
1299,2017-01-04T03:57:21Z,-33.36966667,147.37568333,1752.00,,,,,,
1300,2017-01-04T03:57:26Z,-33.36961667,147.37463333,1759.00,,,,,,
1301,2017-01-04T03:57:31Z,-33.36951667,147.37366667,1759.00,,,,,,
1302,2017-01-04T03:57:36Z,-33.36931667,147.37273333,1751.00,,,,,,
1303,2017-01-04T03:57:41Z,-33.36910000,147.37171667,1741.00,,,,,,
1304,2017-01-04T03:57:46Z,-33.36901667,147.37061667,1727.00,,,,,,
1305,2017-01-04T03:57:51Z,-33.36891667,147.36948333,1725.00,,,,,,
1306,2017-01-04T03:57:56Z,-33.36890000,147.36843333,1720.00,,,,,,
1307,2017-01-04T03:58:01Z,-33.36888333,147.36748333,1718.00,,,,,,
1308,2017-01-04T03:58:06Z,-33.36873333,147.36655000,1711.00,,,,,,
1309,2017-01-04T03:58:11Z,-33.36858333,147.36563333,1710.00,,,,,,
1310,2017-01-04T03:58:16Z,-33.36851667,147.36466667,1705.00,,,,,,
1311,2017-01-04T03:58:21Z,-33.36846667,147.36370000,1701.00,,,,,,
1312,2017-01-04T03:58:26Z,-33.36840000,147.36273333,1701.00,,,,,,
1313,2017-01-04T03:58:31Z,-33.36826667,147.36173333,1693.00,,,,,,
1314,2017-01-04T03:58:36Z,-33.36811667,147.36081667,1686.00,,,,,,
1315,2017-01-04T03:58:41Z,-33.36803333,147.35980000,1674.00,,,,,,
1316,2017-01-04T03:58:46Z,-33.36798333,147.35866667,1655.00,,,,,,
1317,2017-01-04T03:58:51Z,-33.36778333,147.35753333,1648.00,,,,,,
1318,2017-01-04T03:58:56Z,-33.36758333,147.35641667,1641.00,,,,,,
1319,2017-01-04T03:59:01Z,-33.36748333,147.35531667,1640.00,,,,,,
1320,2017-01-04T03:59:06Z,-33.36748333,147.35426667,1642.00,,,,,,
1321,2017-01-04T03:59:11Z,-33.36750000,147.35328333,1639.00,,,,,,
1322,2017-01-04T03:59:16Z,-33.36750000,147.35220000,1635.00,,,,,,
1323,2017-01-04T03:59:21Z,-33.36735000,147.35113333,1635.00,,,,,,
1324,2017-01-04T03:59:26Z,-33.36718333,147.35031667,1627.00,,,,,,
1325,2017-01-04T03:59:31Z,-33.36698333,147.34903333,1617.00,,,,,,
1326,2017-01-04T03:59:36Z,-33.36701667,147.34798333,1600.00,,,,,,
1327,2017-01-04T03:59:41Z,-33.36705000,147.34668333,1575.00,,,,,,
1328,2017-01-04T03:59:46Z,-33.36698333,147.34543333,1574.00,,,,,,
1329,2017-01-04T03:59:51Z,-33.36683333,147.34430000,1552.00,,,,,,
1330,2017-01-04T03:59:56Z,-33.36660000,147.34318333,1541.00,,,,,,
1331,2017-01-04T04:00:01Z,-33.36640000,147.34206667,1529.00,,,,,,
1332,2017-01-04T04:00:06Z,-33.36635000,147.34091667,1522.00,,,,,,
1333,2017-01-04T04:00:11Z,-33.36640000,147.33986667,1521.00,,,,,,
1334,2017-01-04T04:00:16Z,-33.36653333,147.33875000,1525.00,,,,,,
1335,2017-01-04T04:00:21Z,-33.36658333,147.33766667,1539.00,,,,,,
1336,2017-01-04T04:00:26Z,-33.36673333,147.33673333,1542.00,,,,,,
1337,2017-01-04T04:00:31Z,-33.36723333,147.33663333,1538.00,,,,,,
1338,2017-01-04T04:00:36Z,-33.36713333,147.33716667,1545.00,,,,,,
1339,2017-01-04T04:00:41Z,-33.36648333,147.33715000,1554.00,,,,,,
1340,2017-01-04T04:00:46Z,-33.36576667,147.33698333,1563.00,,,,,,
1341,2017-01-04T04:00:51Z,-33.36521667,147.33728333,1569.00,,,,,,
1342,2017-01-04T04:00:56Z,-33.36510000,147.33785000,1570.00,,,,,,
1343,2017-01-04T04:01:01Z,-33.36545000,147.33813333,1579.00,,,,,,
1344,2017-01-04T04:01:06Z,-33.36598333,147.33800000,1579.00,,,,,,
1345,2017-01-04T04:01:11Z,-33.36638333,147.33728333,1577.00,,,,,,
1346,2017-01-04T04:01:16Z,-33.36628333,147.33625000,1579.00,,,,,,
1347,2017-01-04T04:01:21Z,-33.36593333,147.33533333,1588.00,,,,,,
1348,2017-01-04T04:01:26Z,-33.36533333,147.33475000,1595.00,,,,,,
1349,2017-01-04T04:01:31Z,-33.36466667,147.33453333,1601.00,,,,,,
1350,2017-01-04T04:01:36Z,-33.36423333,147.33480000,1602.00,,,,,,
1351,2017-01-04T04:01:41Z,-33.36445000,147.33526667,1605.00,,,,,,
1352,2017-01-04T04:01:46Z,-33.36483333,147.33558333,1613.00,,,,,,
1353,2017-01-04T04:01:51Z,-33.36520000,147.33586667,1614.00,,,,,,
1354,2017-01-04T04:01:56Z,-33.36575000,147.33588333,1618.00,,,,,,
1355,2017-01-04T04:02:01Z,-33.36623333,147.33528333,1613.00,,,,,,
1356,2017-01-04T04:02:06Z,-33.36656667,147.33443333,1610.00,,,,,,
1357,2017-01-04T04:02:11Z,-33.36673333,147.33343333,1612.00,,,,,,
1358,2017-01-04T04:02:16Z,-33.36685000,147.33241667,1617.00,,,,,,
1359,2017-01-04T04:02:21Z,-33.36705000,147.33150000,1625.00,,,,,,
1360,2017-01-04T04:02:26Z,-33.36718333,147.33056667,1631.00,,,,,,
1361,2017-01-04T04:02:31Z,-33.36683333,147.32966667,1637.00,,,,,,
1362,2017-01-04T04:02:36Z,-33.36616667,147.32945000,1645.00,,,,,,
1363,2017-01-04T04:02:41Z,-33.36583333,147.32985000,1648.00,,,,,,
1364,2017-01-04T04:02:46Z,-33.36591667,147.33036667,1655.00,,,,,,
1365,2017-01-04T04:02:51Z,-33.36633333,147.33070000,1660.00,,,,,,
1366,2017-01-04T04:02:56Z,-33.36690000,147.33063333,1662.00,,,,,,
1367,2017-01-04T04:03:01Z,-33.36745000,147.33006667,1665.00,,,,,,
1368,2017-01-04T04:03:06Z,-33.36776667,147.32913333,1667.00,,,,,,
1369,2017-01-04T04:03:11Z,-33.36793333,147.32821667,1678.00,,,,,,
1370,2017-01-04T04:03:16Z,-33.36765000,147.32731667,1679.00,,,,,,
1371,2017-01-04T04:03:21Z,-33.36703333,147.32690000,1682.00,,,,,,
1372,2017-01-04T04:03:26Z,-33.36658333,147.32721667,1677.00,,,,,,
1373,2017-01-04T04:03:31Z,-33.36665000,147.32773333,1682.00,,,,,,
1374,2017-01-04T04:03:36Z,-33.36686667,147.32810000,1683.00,,,,,,
1375,2017-01-04T04:03:41Z,-33.36716667,147.32855000,1682.00,,,,,,
1376,2017-01-04T04:03:46Z,-33.36773333,147.32846667,1680.00,,,,,,
1377,2017-01-04T04:03:51Z,-33.36833333,147.32811667,1693.00,,,,,,
1378,2017-01-04T04:03:56Z,-33.36880000,147.32760000,1696.00,,,,,,
1379,2017-01-04T04:04:01Z,-33.36890000,147.32663333,1696.00,,,,,,
1380,2017-01-04T04:04:06Z,-33.36828333,147.32596667,1690.00,,,,,,
1381,2017-01-04T04:04:11Z,-33.36785000,147.32646667,1712.00,,,,,,
1382,2017-01-04T04:04:16Z,-33.36805000,147.32691667,1717.00,,,,,,
1383,2017-01-04T04:04:21Z,-33.36855000,147.32595000,1720.00,,,,,,
1384,2017-01-04T04:04:26Z,-33.36895000,147.32556667,1711.00,,,,,,
1385,2017-01-04T04:04:31Z,-33.36863333,147.32493333,1703.00,,,,,,
1386,2017-01-04T04:04:36Z,-33.36791667,147.32505000,1704.00,,,,,,
1387,2017-01-04T04:04:41Z,-33.36765000,147.32578333,1710.00,,,,,,
1388,2017-01-04T04:04:46Z,-33.36760000,147.32633333,1716.00,,,,,,
1389,2017-01-04T04:04:51Z,-33.36798333,147.32660000,1717.00,,,,,,
1390,2017-01-04T04:04:56Z,-33.36853333,147.32640000,1713.00,,,,,,
1391,2017-01-04T04:05:01Z,-33.36885000,147.32558333,1708.00,,,,,,
1392,2017-01-04T04:05:06Z,-33.36861667,147.32461667,1712.00,,,,,,
1393,2017-01-04T04:05:11Z,-33.36808333,147.32381667,1713.00,,,,,,
1394,2017-01-04T04:05:16Z,-33.36741667,147.32340000,1720.00,,,,,,
1395,2017-01-04T04:05:21Z,-33.36676667,147.32341667,1722.00,,,,,,
1396,2017-01-04T04:05:26Z,-33.36648333,147.32398333,1718.00,,,,,,
1397,2017-01-04T04:05:31Z,-33.36666667,147.32451667,1726.00,,,,,,
1398,2017-01-04T04:05:36Z,-33.36701667,147.32476667,1726.00,,,,,,
1399,2017-01-04T04:05:41Z,-33.36748333,147.32435000,1721.00,,,,,,
1400,2017-01-04T04:05:46Z,-33.36741667,147.32340000,1714.00,,,,,,
1401,2017-01-04T04:05:51Z,-33.36691667,147.32260000,1714.00,,,,,,
1402,2017-01-04T04:05:56Z,-33.36628333,147.32198333,1714.00,,,,,,
1403,2017-01-04T04:06:01Z,-33.36565000,147.32150000,1711.00,,,,,,
1404,2017-01-04T04:06:06Z,-33.36500000,147.32100000,1716.00,,,,,,
1405,2017-01-04T04:06:11Z,-33.36445000,147.32035000,1711.00,,,,,,
1406,2017-01-04T04:06:16Z,-33.36421667,147.31936667,1707.00,,,,,,
1407,2017-01-04T04:06:21Z,-33.36420000,147.31823333,1706.00,,,,,,
1408,2017-01-04T04:06:26Z,-33.36435000,147.31721667,1700.00,,,,,,
1409,2017-01-04T04:06:31Z,-33.36473333,147.31630000,1687.00,,,,,,
1410,2017-01-04T04:06:36Z,-33.36528333,147.31543333,1683.00,,,,,,
1411,2017-01-04T04:06:41Z,-33.36588333,147.31451667,1667.00,,,,,,
1412,2017-01-04T04:06:46Z,-33.36640000,147.31350000,1679.00,,,,,,
1413,2017-01-04T04:06:51Z,-33.36681667,147.31258333,1676.00,,,,,,
1414,2017-01-04T04:06:56Z,-33.36725000,147.31163333,1665.00,,,,,,
1415,2017-01-04T04:07:01Z,-33.36756667,147.31060000,1658.00,,,,,,
1416,2017-01-04T04:07:06Z,-33.36810000,147.30970000,1642.00,,,,,,
1417,2017-01-04T04:07:11Z,-33.36871667,147.30880000,1634.00,,,,,,
1418,2017-01-04T04:07:16Z,-33.36933333,147.30811667,1625.00,,,,,,
1419,2017-01-04T04:07:21Z,-33.37005000,147.30750000,1610.00,,,,,,
1420,2017-01-04T04:07:26Z,-33.37080000,147.30671667,1597.00,,,,,,
1421,2017-01-04T04:07:31Z,-33.37151667,147.30585000,1592.00,,,,,,
1422,2017-01-04T04:07:36Z,-33.37216667,147.30500000,1589.00,,,,,,
1423,2017-01-04T04:07:41Z,-33.37273333,147.30396667,1581.00,,,,,,
1424,2017-01-04T04:07:46Z,-33.37330000,147.30300000,1578.00,,,,,,
1425,2017-01-04T04:07:51Z,-33.37386667,147.30203333,1568.00,,,,,,
1426,2017-01-04T04:07:56Z,-33.37441667,147.30103333,1570.00,,,,,,
1427,2017-01-04T04:08:01Z,-33.37496667,147.30001667,1562.00,,,,,,
1428,2017-01-04T04:08:06Z,-33.37556667,147.29891667,1553.00,,,,,,
1429,2017-01-04T04:08:11Z,-33.37616667,147.29801667,1560.00,,,,,,
1430,2017-01-04T04:08:16Z,-33.37658333,147.29703333,1548.00,,,,,,
1431,2017-01-04T04:08:21Z,-33.37705000,147.29588333,1551.00,,,,,,
1432,2017-01-04T04:08:26Z,-33.37755000,147.29476667,1540.00,,,,,,
1433,2017-01-04T04:08:31Z,-33.37815000,147.29363333,1536.00,,,,,,
1434,2017-01-04T04:08:36Z,-33.37870000,147.29263333,1540.00,,,,,,
1435,2017-01-04T04:08:41Z,-33.37920000,147.29178333,1536.00,,,,,,
1436,2017-01-04T04:08:46Z,-33.37975000,147.29088333,1529.00,,,,,,
1437,2017-01-04T04:08:51Z,-33.38026667,147.28996667,1518.00,,,,,,
1438,2017-01-04T04:08:56Z,-33.38081667,147.28903333,1515.00,,,,,,
1439,2017-01-04T04:09:01Z,-33.38133333,147.28813333,1506.00,,,,,,
1440,2017-01-04T04:09:06Z,-33.38193333,147.28718333,1492.00,,,,,,
1441,2017-01-04T04:09:11Z,-33.38251667,147.28621667,1478.00,,,,,,
1442,2017-01-04T04:09:16Z,-33.38313333,147.28513333,1466.00,,,,,,
1443,2017-01-04T04:09:21Z,-33.38370000,147.28411667,1463.00,,,,,,
1444,2017-01-04T04:09:26Z,-33.38421667,147.28313333,1444.00,,,,,,
1445,2017-01-04T04:09:31Z,-33.38490000,147.28210000,1442.00,,,,,,
1446,2017-01-04T04:09:36Z,-33.38551667,147.28120000,1447.00,,,,,,
1447,2017-01-04T04:09:41Z,-33.38608333,147.28030000,1455.00,,,,,,
1448,2017-01-04T04:09:46Z,-33.38670000,147.27978333,1475.00,,,,,,
1449,2017-01-04T04:09:51Z,-33.38695000,147.28016667,1480.00,,,,,,
1450,2017-01-04T04:09:56Z,-33.38653333,147.28011667,1502.00,,,,,,
1451,2017-01-04T04:10:01Z,-33.38638333,147.27928333,1506.00,,,,,,
1452,2017-01-04T04:10:06Z,-33.38671667,147.27845000,1519.00,,,,,,
1453,2017-01-04T04:10:11Z,-33.38740000,147.27811667,1532.00,,,,,,
1454,2017-01-04T04:10:16Z,-33.38778333,147.27858333,1551.00,,,,,,
1455,2017-01-04T04:10:21Z,-33.38750000,147.27885000,1567.00,,,,,,
1456,2017-01-04T04:10:26Z,-33.38700000,147.27823333,1582.00,,,,,,
1457,2017-01-04T04:10:31Z,-33.38705000,147.27733333,1596.00,,,,,,
1458,2017-01-04T04:10:36Z,-33.38760000,147.27670000,1612.00,,,,,,
1459,2017-01-04T04:10:41Z,-33.38818333,147.27676667,1631.00,,,,,,
1460,2017-01-04T04:10:46Z,-33.38795000,147.27710000,1651.00,,,,,,
1461,2017-01-04T04:10:51Z,-33.38758333,147.27640000,1666.00,,,,,,
1462,2017-01-04T04:10:56Z,-33.38791667,147.27553333,1683.00,,,,,,
1463,2017-01-04T04:11:01Z,-33.38856667,147.27523333,1703.00,,,,,,
1464,2017-01-04T04:11:06Z,-33.38911667,147.27570000,1723.00,,,,,,
1465,2017-01-04T04:11:11Z,-33.38906667,147.27608333,1742.00,,,,,,
1466,2017-01-04T04:11:16Z,-33.38875000,147.27618333,1755.00,,,,,,
1467,2017-01-04T04:11:21Z,-33.38813333,147.27528333,1777.00,,,,,,
1468,2017-01-04T04:11:26Z,-33.38828333,147.27433333,1792.00,,,,,,
1469,2017-01-04T04:11:31Z,-33.38886667,147.27391667,1808.00,,,,,,
1470,2017-01-04T04:11:36Z,-33.38926667,147.27438333,1824.00,,,,,,
1471,2017-01-04T04:11:41Z,-33.38885000,147.27460000,1844.00,,,,,,
1472,2017-01-04T04:11:46Z,-33.38830000,147.27423333,1863.00,,,,,,
1473,2017-01-04T04:11:51Z,-33.38790000,147.27348333,1880.00,,,,,,
1474,2017-01-04T04:11:56Z,-33.38790000,147.27255000,1895.00,,,,,,
1475,2017-01-04T04:12:01Z,-33.38846667,147.27190000,1911.00,,,,,,
1476,2017-01-04T04:12:06Z,-33.38898333,147.27211667,1922.00,,,,,,
1477,2017-01-04T04:12:11Z,-33.38886667,147.27263333,1937.00,,,,,,
1478,2017-01-04T04:12:16Z,-33.38826667,147.27220000,1953.00,,,,,,
1479,2017-01-04T04:12:21Z,-33.38793333,147.27135000,1967.00,,,,,,
1480,2017-01-04T04:12:26Z,-33.38811667,147.27053333,1983.00,,,,,,
1481,2017-01-04T04:12:31Z,-33.38873333,147.27018333,1993.00,,,,,,
1482,2017-01-04T04:12:36Z,-33.38931667,147.27030000,2003.00,,,,,,
1483,2017-01-04T04:12:41Z,-33.38966667,147.27068333,2011.00,,,,,,
1484,2017-01-04T04:12:46Z,-33.38958333,147.27116667,2024.00,,,,,,
1485,2017-01-04T04:12:51Z,-33.38905000,147.27113333,2034.00,,,,,,
1486,2017-01-04T04:12:56Z,-33.38855000,147.27043333,2051.00,,,,,,
1487,2017-01-04T04:13:01Z,-33.38855000,147.26950000,2065.00,,,,,,
1488,2017-01-04T04:13:06Z,-33.38906667,147.26881667,2078.00,,,,,,
1489,2017-01-04T04:13:11Z,-33.38966667,147.26853333,2084.00,,,,,,
1490,2017-01-04T04:13:16Z,-33.39023333,147.26876667,2090.00,,,,,,
1491,2017-01-04T04:13:21Z,-33.39046667,147.26921667,2094.00,,,,,,
1492,2017-01-04T04:13:26Z,-33.39006667,147.26956667,2099.00,,,,,,
1493,2017-01-04T04:13:31Z,-33.38945000,147.26910000,2108.00,,,,,,
1494,2017-01-04T04:13:36Z,-33.38910000,147.26820000,2124.00,,,,,,
1495,2017-01-04T04:13:41Z,-33.38925000,147.26735000,2132.00,,,,,,
1496,2017-01-04T04:13:46Z,-33.38990000,147.26711667,2140.00,,,,,,
1497,2017-01-04T04:13:51Z,-33.39040000,147.26730000,2139.00,,,,,,
1498,2017-01-04T04:13:56Z,-33.39060000,147.26775000,2136.00,,,,,,
1499,2017-01-04T04:14:01Z,-33.39000000,147.26805000,2142.00,,,,,,
1500,2017-01-04T04:14:06Z,-33.38943333,147.26748333,2151.00,,,,,,
1501,2017-01-04T04:14:11Z,-33.38905000,147.26676667,2157.00,,,,,,
1502,2017-01-04T04:14:16Z,-33.38883333,147.26586667,2164.00,,,,,,
1503,2017-01-04T04:14:21Z,-33.38910000,147.26500000,2160.00,,,,,,
1504,2017-01-04T04:14:26Z,-33.38953333,147.26426667,2160.00,,,,,,
1505,2017-01-04T04:14:31Z,-33.39005000,147.26348333,2154.00,,,,,,
1506,2017-01-04T04:14:36Z,-33.39063333,147.26273333,2150.00,,,,,,
1507,2017-01-04T04:14:41Z,-33.39118333,147.26190000,2137.00,,,,,,
1508,2017-01-04T04:14:46Z,-33.39176667,147.26116667,2125.00,,,,,,
1509,2017-01-04T04:14:51Z,-33.39240000,147.26053333,2116.00,,,,,,
1510,2017-01-04T04:14:56Z,-33.39300000,147.25988333,2105.00,,,,,,
1511,2017-01-04T04:15:01Z,-33.39360000,147.25913333,2106.00,,,,,,
1512,2017-01-04T04:15:06Z,-33.39420000,147.25843333,2105.00,,,,,,
1513,2017-01-04T04:15:11Z,-33.39485000,147.25778333,2141.00,,,,,,
1514,2017-01-04T04:15:16Z,-33.39498333,147.25816667,2152.00,,,,,,
1515,2017-01-04T04:15:21Z,-33.39430000,147.25811667,2171.00,,,,,,
1516,2017-01-04T04:15:26Z,-33.39416667,147.25725000,2195.00,,,,,,
1517,2017-01-04T04:15:31Z,-33.39465000,147.25685000,2208.00,,,,,,
1518,2017-01-04T04:15:36Z,-33.39485000,147.25750000,2229.00,,,,,,
1519,2017-01-04T04:15:41Z,-33.39448333,147.25791667,2244.00,,,,,,
1520,2017-01-04T04:15:46Z,-33.39380000,147.25763333,2253.00,,,,,,
1521,2017-01-04T04:15:51Z,-33.39335000,147.25685000,2262.00,,,,,,
1522,2017-01-04T04:15:56Z,-33.39338333,147.25576667,2286.00,,,,,,
1523,2017-01-04T04:16:01Z,-33.39381667,147.25513333,2295.00,,,,,,
1524,2017-01-04T04:16:06Z,-33.39428333,147.25545000,2296.00,,,,,,
1525,2017-01-04T04:16:11Z,-33.39383333,147.25605000,2306.00,,,,,,
1526,2017-01-04T04:16:16Z,-33.39305000,147.25578333,2316.00,,,,,,
1527,2017-01-04T04:16:21Z,-33.39271667,147.25483333,2337.00,,,,,,
1528,2017-01-04T04:16:26Z,-33.39318333,147.25430000,2337.00,,,,,,
1529,2017-01-04T04:16:31Z,-33.39355000,147.25481667,2342.00,,,,,,
1530,2017-01-04T04:16:36Z,-33.39281667,147.25510000,2343.00,,,,,,
1531,2017-01-04T04:16:41Z,-33.39216667,147.25436667,2360.00,,,,,,
1532,2017-01-04T04:16:46Z,-33.39223333,147.25348333,2365.00,,,,,,
1533,2017-01-04T04:16:51Z,-33.39278333,147.25356667,2369.00,,,,,,
1534,2017-01-04T04:16:56Z,-33.39258333,147.25418333,2360.00,,,,,,
1535,2017-01-04T04:17:01Z,-33.39168333,147.25400000,2375.00,,,,,,
1536,2017-01-04T04:17:06Z,-33.39096667,147.25340000,2375.00,,,,,,
1537,2017-01-04T04:17:11Z,-33.39048333,147.25251667,2373.00,,,,,,
1538,2017-01-04T04:17:16Z,-33.39030000,147.25156667,2373.00,,,,,,
1539,2017-01-04T04:17:21Z,-33.39031667,147.25056667,2376.00,,,,,,
1540,2017-01-04T04:17:26Z,-33.39058333,147.24966667,2370.00,,,,,,
1541,2017-01-04T04:17:31Z,-33.39088333,147.24866667,2363.00,,,,,,
1542,2017-01-04T04:17:36Z,-33.39116667,147.24771667,2358.00,,,,,,
1543,2017-01-04T04:17:41Z,-33.39143333,147.24676667,2350.00,,,,,,
1544,2017-01-04T04:17:46Z,-33.39181667,147.24588333,2340.00,,,,,,
1545,2017-01-04T04:17:51Z,-33.39216667,147.24490000,2327.00,,,,,,
1546,2017-01-04T04:17:56Z,-33.39253333,147.24385000,2323.00,,,,,,
1547,2017-01-04T04:18:01Z,-33.39278333,147.24273333,2327.00,,,,,,
1548,2017-01-04T04:18:06Z,-33.39308333,147.24175000,2327.00,,,,,,
1549,2017-01-04T04:18:11Z,-33.39338333,147.24066667,2323.00,,,,,,
1550,2017-01-04T04:18:16Z,-33.39370000,147.23970000,2323.00,,,,,,
1551,2017-01-04T04:18:21Z,-33.39410000,147.23873333,2314.00,,,,,,
1552,2017-01-04T04:18:26Z,-33.39441667,147.23761667,2304.00,,,,,,
1553,2017-01-04T04:18:31Z,-33.39463333,147.23650000,2300.00,,,,,,
1554,2017-01-04T04:18:36Z,-33.39495000,147.23533333,2296.00,,,,,,
1555,2017-01-04T04:18:41Z,-33.39515000,147.23416667,2298.00,,,,,,
1556,2017-01-04T04:18:46Z,-33.39533333,147.23301667,2289.00,,,,,,
1557,2017-01-04T04:18:51Z,-33.39560000,147.23180000,2286.00,,,,,,
1558,2017-01-04T04:18:56Z,-33.39590000,147.23060000,2274.00,,,,,,
1559,2017-01-04T04:19:01Z,-33.39623333,147.22936667,2272.00,,,,,,
1560,2017-01-04T04:19:06Z,-33.39653333,147.22815000,2256.00,,,,,,
1561,2017-01-04T04:19:11Z,-33.39676667,147.22685000,2250.00,,,,,,
1562,2017-01-04T04:19:16Z,-33.39708333,147.22558333,2244.00,,,,,,
1563,2017-01-04T04:19:21Z,-33.39733333,147.22435000,2231.00,,,,,,
1564,2017-01-04T04:19:26Z,-33.39750000,147.22300000,2225.00,,,,,,
1565,2017-01-04T04:19:31Z,-33.39775000,147.22185000,2217.00,,,,,,
1566,2017-01-04T04:19:36Z,-33.39803333,147.22068333,2210.00,,,,,,
1567,2017-01-04T04:19:41Z,-33.39830000,147.21946667,2203.00,,,,,,
1568,2017-01-04T04:19:46Z,-33.39858333,147.21823333,2200.00,,,,,,
1569,2017-01-04T04:19:51Z,-33.39885000,147.21710000,2189.00,,,,,,
1570,2017-01-04T04:19:56Z,-33.39911667,147.21590000,2186.00,,,,,,
1571,2017-01-04T04:20:01Z,-33.39933333,147.21483333,2175.00,,,,,,
1572,2017-01-04T04:20:06Z,-33.39960000,147.21371667,2160.00,,,,,,
1573,2017-01-04T04:20:11Z,-33.39985000,147.21260000,2149.00,,,,,,
1574,2017-01-04T04:20:16Z,-33.40006667,147.21158333,2139.00,,,,,,
1575,2017-01-04T04:20:21Z,-33.40025000,147.21063333,2127.00,,,,,,
1576,2017-01-04T04:20:26Z,-33.40041667,147.20960000,2121.00,,,,,,
1577,2017-01-04T04:20:31Z,-33.40065000,147.20866667,2115.00,,,,,,
1578,2017-01-04T04:20:36Z,-33.40085000,147.20765000,2114.00,,,,,,
1579,2017-01-04T04:20:41Z,-33.40108333,147.20661667,2115.00,,,,,,
1580,2017-01-04T04:20:46Z,-33.40136667,147.20563333,2112.00,,,,,,
1581,2017-01-04T04:20:51Z,-33.40166667,147.20465000,2110.00,,,,,,
1582,2017-01-04T04:20:56Z,-33.40205000,147.20371667,2102.00,,,,,,
1583,2017-01-04T04:21:01Z,-33.40243333,147.20278333,2097.00,,,,,,
1584,2017-01-04T04:21:06Z,-33.40278333,147.20171667,2089.00,,,,,,
1585,2017-01-04T04:21:11Z,-33.40315000,147.20071667,2092.00,,,,,,
1586,2017-01-04T04:21:16Z,-33.40350000,147.19973333,2089.00,,,,,,
1587,2017-01-04T04:21:21Z,-33.40405000,147.19890000,2088.00,,,,,,
1588,2017-01-04T04:21:26Z,-33.40453333,147.19803333,2080.00,,,,,,
1589,2017-01-04T04:21:31Z,-33.40485000,147.19703333,2075.00,,,,,,
1590,2017-01-04T04:21:36Z,-33.40516667,147.19598333,2064.00,,,,,,
1591,2017-01-04T04:21:41Z,-33.40548333,147.19488333,2055.00,,,,,,
1592,2017-01-04T04:21:46Z,-33.40581667,147.19385000,2043.00,,,,,,
1593,2017-01-04T04:21:51Z,-33.40623333,147.19286667,2031.00,,,,,,
1594,2017-01-04T04:21:56Z,-33.40665000,147.19181667,2022.00,,,,,,
1595,2017-01-04T04:22:01Z,-33.40701667,147.19076667,2015.00,,,,,,
1596,2017-01-04T04:22:06Z,-33.40738333,147.18981667,2014.00,,,,,,
1597,2017-01-04T04:22:11Z,-33.40765000,147.18886667,2008.00,,,,,,
1598,2017-01-04T04:22:16Z,-33.40803333,147.18771667,2006.00,,,,,,
1599,2017-01-04T04:22:21Z,-33.40848333,147.18691667,1991.00,,,,,,
1600,2017-01-04T04:22:26Z,-33.40876667,147.18580000,1982.00,,,,,,
1601,2017-01-04T04:22:31Z,-33.40895000,147.18486667,1978.00,,,,,,
1602,2017-01-04T04:22:36Z,-33.40933333,147.18398333,1968.00,,,,,,
1603,2017-01-04T04:22:41Z,-33.40983333,147.18321667,1960.00,,,,,,
1604,2017-01-04T04:22:47Z,-33.41038333,147.18246667,1955.00,,,,,,
1605,2017-01-04T04:22:52Z,-33.41081667,147.18171667,1950.00,,,,,,
1606,2017-01-04T04:22:57Z,-33.41131667,147.18091667,1935.00,,,,,,
1607,2017-01-04T04:23:02Z,-33.41173333,147.18006667,1927.00,,,,,,
1608,2017-01-04T04:23:07Z,-33.41210000,147.17920000,1925.00,,,,,,
1609,2017-01-04T04:23:12Z,-33.41236667,147.17833333,1913.00,,,,,,
1610,2017-01-04T04:23:17Z,-33.41271667,147.17741667,1907.00,,,,,,
1611,2017-01-04T04:23:22Z,-33.41311667,147.17651667,1897.00,,,,,,
1612,2017-01-04T04:23:27Z,-33.41353333,147.17560000,1898.00,,,,,,
1613,2017-01-04T04:23:32Z,-33.41408333,147.17485000,1898.00,,,,,,
1614,2017-01-04T04:23:37Z,-33.41461667,147.17398333,1904.00,,,,,,
1615,2017-01-04T04:23:42Z,-33.41506667,147.17321667,1927.00,,,,,,
1616,2017-01-04T04:23:47Z,-33.41566667,147.17295000,1925.00,,,,,,
1617,2017-01-04T04:23:52Z,-33.41581667,147.17353333,1931.00,,,,,,
1618,2017-01-04T04:23:57Z,-33.41520000,147.17351667,1945.00,,,,,,
1619,2017-01-04T04:24:02Z,-33.41500000,147.17280000,1957.00,,,,,,
1620,2017-01-04T04:24:07Z,-33.41558333,147.17235000,1954.00,,,,,,
1621,2017-01-04T04:24:12Z,-33.41616667,147.17271667,1957.00,,,,,,
1622,2017-01-04T04:24:17Z,-33.41588333,147.17346667,1969.00,,,,,,
1623,2017-01-04T04:24:22Z,-33.41533333,147.17341667,1990.00,,,,,,
1624,2017-01-04T04:24:27Z,-33.41523333,147.17276667,2002.00,,,,,,
1625,2017-01-04T04:24:32Z,-33.41578333,147.17221667,2002.00,,,,,,
1626,2017-01-04T04:24:37Z,-33.41640000,147.17256667,2011.00,,,,,,
1627,2017-01-04T04:24:42Z,-33.41633333,147.17320000,2027.00,,,,,,
1628,2017-01-04T04:24:47Z,-33.41575000,147.17311667,2042.00,,,,,,
1629,2017-01-04T04:24:52Z,-33.41555000,147.17240000,2054.00,,,,,,
1630,2017-01-04T04:24:57Z,-33.41610000,147.17191667,2055.00,,,,,,
1631,2017-01-04T04:25:02Z,-33.41678333,147.17215000,2072.00,,,,,,
1632,2017-01-04T04:25:07Z,-33.41655000,147.17271667,2079.00,,,,,,
1633,2017-01-04T04:25:12Z,-33.41608333,147.17210000,2087.00,,,,,,
1634,2017-01-04T04:25:17Z,-33.41653333,147.17140000,2106.00,,,,,,
1635,2017-01-04T04:25:22Z,-33.41725000,147.17160000,2124.00,,,,,,
1636,2017-01-04T04:25:27Z,-33.41711667,147.17220000,2127.00,,,,,,
1637,2017-01-04T04:25:32Z,-33.41650000,147.17183333,2137.00,,,,,,
1638,2017-01-04T04:25:37Z,-33.41651667,147.17098333,2155.00,,,,,,
1639,2017-01-04T04:25:42Z,-33.41700000,147.17026667,2168.00,,,,,,
1640,2017-01-04T04:25:47Z,-33.41771667,147.17003333,2177.00,,,,,,
1641,2017-01-04T04:25:52Z,-33.41796667,147.17058333,2185.00,,,,,,
1642,2017-01-04T04:25:57Z,-33.41748333,147.17080000,2191.00,,,,,,
1643,2017-01-04T04:26:02Z,-33.41725000,147.16993333,2204.00,,,,,,
1644,2017-01-04T04:26:07Z,-33.41766667,147.16915000,2218.00,,,,,,
1645,2017-01-04T04:26:12Z,-33.41826667,147.16913333,2222.00,,,,,,
1646,2017-01-04T04:26:17Z,-33.41803333,147.16973333,2219.00,,,,,,
1647,2017-01-04T04:26:22Z,-33.41748333,147.16935000,2221.00,,,,,,
1648,2017-01-04T04:26:27Z,-33.41745000,147.16838333,2243.00,,,,,,
1649,2017-01-04T04:26:32Z,-33.41786667,147.16773333,2240.00,,,,,,
1650,2017-01-04T04:26:37Z,-33.41831667,147.16795000,2238.00,,,,,,
1651,2017-01-04T04:26:42Z,-33.41796667,147.16848333,2240.00,,,,,,
1652,2017-01-04T04:26:47Z,-33.41738333,147.16808333,2247.00,,,,,,
1653,2017-01-04T04:26:52Z,-33.41736667,147.16715000,2252.00,,,,,,
1654,2017-01-04T04:26:57Z,-33.41773333,147.16638333,2247.00,,,,,,
1655,2017-01-04T04:27:02Z,-33.41813333,147.16570000,2241.00,,,,,,
1656,2017-01-04T04:27:07Z,-33.41868333,147.16520000,2230.00,,,,,,
1657,2017-01-04T04:27:12Z,-33.41928333,147.16496667,2221.00,,,,,,
1658,2017-01-04T04:27:17Z,-33.41983333,147.16496667,2215.00,,,,,,
1659,2017-01-04T04:27:22Z,-33.42046667,147.16513333,2214.00,,,,,,
1660,2017-01-04T04:27:27Z,-33.42115000,147.16523333,2203.00,,,,,,
1661,2017-01-04T04:27:32Z,-33.42193333,147.16520000,2212.00,,,,,,
1662,2017-01-04T04:27:37Z,-33.42266667,147.16488333,2206.00,,,,,,
1663,2017-01-04T04:27:42Z,-33.42351667,147.16443333,2211.00,,,,,,
1664,2017-01-04T04:27:47Z,-33.42428333,147.16405000,2206.00,,,,,,
1665,2017-01-04T04:27:52Z,-33.42515000,147.16373333,2192.00,,,,,,
1666,2017-01-04T04:27:57Z,-33.42603333,147.16341667,2186.00,,,,,,
1667,2017-01-04T04:28:02Z,-33.42688333,147.16306667,2177.00,,,,,,
1668,2017-01-04T04:28:07Z,-33.42771667,147.16248333,2168.00,,,,,,
1669,2017-01-04T04:28:12Z,-33.42850000,147.16205000,2167.00,,,,,,
1670,2017-01-04T04:28:17Z,-33.42926667,147.16170000,2159.00,,,,,,
1671,2017-01-04T04:28:22Z,-33.43011667,147.16145000,2160.00,,,,,,
1672,2017-01-04T04:28:27Z,-33.43091667,147.16118333,2164.00,,,,,,
1673,2017-01-04T04:28:32Z,-33.43175000,147.16091667,2169.00,,,,,,
1674,2017-01-04T04:28:37Z,-33.43255000,147.16070000,2160.00,,,,,,
1675,2017-01-04T04:28:42Z,-33.43340000,147.16056667,2154.00,,,,,,
1676,2017-01-04T04:28:47Z,-33.43426667,147.16043333,2146.00,,,,,,
1677,2017-01-04T04:28:52Z,-33.43511667,147.16043333,2151.00,,,,,,
1678,2017-01-04T04:28:57Z,-33.43596667,147.16050000,2145.00,,,,,,
1679,2017-01-04T04:29:02Z,-33.43685000,147.16046667,2144.00,,,,,,
1680,2017-01-04T04:29:07Z,-33.43776667,147.16045000,2144.00,,,,,,
1681,2017-01-04T04:29:12Z,-33.43873333,147.16035000,2144.00,,,,,,
1682,2017-01-04T04:29:17Z,-33.43965000,147.16025000,2144.00,,,,,,
1683,2017-01-04T04:29:22Z,-33.44055000,147.16013333,2126.00,,,,,,
1684,2017-01-04T04:29:27Z,-33.44156667,147.15996667,2108.00,,,,,,
1685,2017-01-04T04:29:32Z,-33.44256667,147.15993333,2090.00,,,,,,
1686,2017-01-04T04:29:37Z,-33.44355000,147.15981667,2079.00,,,,,,
1687,2017-01-04T04:29:42Z,-33.44450000,147.15973333,2070.00,,,,,,
1688,2017-01-04T04:29:47Z,-33.44553333,147.15966667,2060.00,,,,,,
1689,2017-01-04T04:29:52Z,-33.44653333,147.15968333,2052.00,,,,,,
1690,2017-01-04T04:29:57Z,-33.44745000,147.15960000,2052.00,,,,,,
1691,2017-01-04T04:30:02Z,-33.44835000,147.15958333,2047.00,,,,,,
1692,2017-01-04T04:30:07Z,-33.44923333,147.15963333,2049.00,,,,,,
1693,2017-01-04T04:30:12Z,-33.45005000,147.15963333,2045.00,,,,,,
1694,2017-01-04T04:30:17Z,-33.45083333,147.15970000,2037.00,,,,,,
1695,2017-01-04T04:30:22Z,-33.45170000,147.15980000,2035.00,,,,,,
1696,2017-01-04T04:30:27Z,-33.45250000,147.15971667,2028.00,,,,,,
1697,2017-01-04T04:30:32Z,-33.45335000,147.15953333,2019.00,,,,,,
1698,2017-01-04T04:30:37Z,-33.45420000,147.15953333,2014.00,,,,,,
1699,2017-01-04T04:30:42Z,-33.45506667,147.15951667,1998.00,,,,,,
1700,2017-01-04T04:30:47Z,-33.45601667,147.15955000,1995.00,,,,,,
1701,2017-01-04T04:30:52Z,-33.45686667,147.15960000,1986.00,,,,,,
1702,2017-01-04T04:30:57Z,-33.45776667,147.15963333,1973.00,,,,,,
1703,2017-01-04T04:31:02Z,-33.45863333,147.15960000,1968.00,,,,,,
1704,2017-01-04T04:31:07Z,-33.45946667,147.15965000,1955.00,,,,,,
1705,2017-01-04T04:31:12Z,-33.46035000,147.15963333,1943.00,,,,,,
1706,2017-01-04T04:31:17Z,-33.46121667,147.15956667,1936.00,,,,,,
1707,2017-01-04T04:31:22Z,-33.46203333,147.15955000,1929.00,,,,,,
1708,2017-01-04T04:31:27Z,-33.46288333,147.15956667,1920.00,,,,,,
1709,2017-01-04T04:31:32Z,-33.46365000,147.15961667,1911.00,,,,,,
1710,2017-01-04T04:31:37Z,-33.46446667,147.15953333,1893.00,,,,,,
1711,2017-01-04T04:31:42Z,-33.46530000,147.15936667,1876.00,,,,,,
1712,2017-01-04T04:31:47Z,-33.46613333,147.15920000,1860.00,,,,,,
1713,2017-01-04T04:31:52Z,-33.46690000,147.15895000,1850.00,,,,,,
1714,2017-01-04T04:31:57Z,-33.46775000,147.15906667,1838.00,,,,,,
1715,2017-01-04T04:32:02Z,-33.46856667,147.15926667,1831.00,,,,,,
1716,2017-01-04T04:32:07Z,-33.46933333,147.15938333,1817.00,,,,,,
1717,2017-01-04T04:32:12Z,-33.47011667,147.15951667,1811.00,,,,,,
1718,2017-01-04T04:32:17Z,-33.47086667,147.15963333,1805.00,,,,,,
1719,2017-01-04T04:32:22Z,-33.47160000,147.15973333,1794.00,,,,,,
1720,2017-01-04T04:32:27Z,-33.47231667,147.15985000,1785.00,,,,,,
1721,2017-01-04T04:32:32Z,-33.47301667,147.15998333,1782.00,,,,,,
1722,2017-01-04T04:32:37Z,-33.47371667,147.16003333,1771.00,,,,,,
1723,2017-01-04T04:32:42Z,-33.47446667,147.15998333,1764.00,,,,,,
1724,2017-01-04T04:32:47Z,-33.47518333,147.15990000,1754.00,,,,,,
1725,2017-01-04T04:32:52Z,-33.47581667,147.15986667,1741.00,,,,,,
1726,2017-01-04T04:32:57Z,-33.47643333,147.15993333,1727.00,,,,,,
1727,2017-01-04T04:33:02Z,-33.47706667,147.16003333,1712.00,,,,,,
1728,2017-01-04T04:33:07Z,-33.47771667,147.16031667,1695.00,,,,,,
1729,2017-01-04T04:33:12Z,-33.47840000,147.16041667,1682.00,,,,,,
1730,2017-01-04T04:33:17Z,-33.47901667,147.16016667,1671.00,,,,,,
1731,2017-01-04T04:33:22Z,-33.47961667,147.15981667,1657.00,,,,,,
1732,2017-01-04T04:33:27Z,-33.48020000,147.15951667,1642.00,,,,,,
1733,2017-01-04T04:33:32Z,-33.48085000,147.15916667,1626.00,,,,,,
1734,2017-01-04T04:33:37Z,-33.48151667,147.15895000,1618.00,,,,,,
1735,2017-01-04T04:33:42Z,-33.48215000,147.15876667,1613.00,,,,,,
1736,2017-01-04T04:33:47Z,-33.48276667,147.15846667,1621.00,,,,,,
1737,2017-01-04T04:33:52Z,-33.48340000,147.15790000,1618.00,,,,,,
1738,2017-01-04T04:33:57Z,-33.48391667,147.15730000,1613.00,,,,,,
1739,2017-01-04T04:34:02Z,-33.48448333,147.15655000,1596.00,,,,,,
1740,2017-01-04T04:34:07Z,-33.48490000,147.15565000,1592.00,,,,,,
1741,2017-01-04T04:34:12Z,-33.48530000,147.15468333,1589.00,,,,,,
1742,2017-01-04T04:34:17Z,-33.48560000,147.15360000,1601.00,,,,,,
1743,2017-01-04T04:34:22Z,-33.48568333,147.15260000,1610.00,,,,,,
1744,2017-01-04T04:34:27Z,-33.48511667,147.15180000,1608.00,,,,,,
1745,2017-01-04T04:34:32Z,-33.48440000,147.15181667,1605.00,,,,,,
1746,2017-01-04T04:34:37Z,-33.48413333,147.15235000,1585.00,,,,,,
1747,2017-01-04T04:34:42Z,-33.48435000,147.15275000,1585.00,,,,,,
1748,2017-01-04T04:34:47Z,-33.48481667,147.15276667,1596.00,,,,,,
1749,2017-01-04T04:34:52Z,-33.48530000,147.15226667,1593.00,,,,,,
1750,2017-01-04T04:34:57Z,-33.48531667,147.15120000,1598.00,,,,,,
1751,2017-01-04T04:35:02Z,-33.48503333,147.15011667,1588.00,,,,,,
1752,2017-01-04T04:35:07Z,-33.48455000,147.14915000,1590.00,,,,,,
1753,2017-01-04T04:35:12Z,-33.48415000,147.14816667,1573.00,,,,,,
1754,2017-01-04T04:35:17Z,-33.48370000,147.14726667,1577.00,,,,,,
1755,2017-01-04T04:35:22Z,-33.48326667,147.14633333,1577.00,,,,,,
1756,2017-01-04T04:35:27Z,-33.48293333,147.14540000,1590.00,,,,,,
1757,2017-01-04T04:35:32Z,-33.48253333,147.14465000,1603.00,,,,,,
1758,2017-01-04T04:35:37Z,-33.48195000,147.14448333,1603.00,,,,,,
1759,2017-01-04T04:35:42Z,-33.48190000,147.14503333,1595.00,,,,,,
1760,2017-01-04T04:35:47Z,-33.48253333,147.14520000,1604.00,,,,,,
1761,2017-01-04T04:35:52Z,-33.48313333,147.14495000,1610.00,,,,,,
1762,2017-01-04T04:35:57Z,-33.48355000,147.14415000,1617.00,,,,,,
1763,2017-01-04T04:36:02Z,-33.48346667,147.14318333,1625.00,,,,,,
1764,2017-01-04T04:36:07Z,-33.48288333,147.14286667,1640.00,,,,,,
1765,2017-01-04T04:36:12Z,-33.48253333,147.14318333,1637.00,,,,,,
1766,2017-01-04T04:36:17Z,-33.48236667,147.14370000,1643.00,,,,,,
1767,2017-01-04T04:36:22Z,-33.48216667,147.14420000,1645.00,,,,,,
1768,2017-01-04T04:36:27Z,-33.48231667,147.14468333,1654.00,,,,,,
1769,2017-01-04T04:36:32Z,-33.48290000,147.14455000,1654.00,,,,,,
1770,2017-01-04T04:36:37Z,-33.48333333,147.14395000,1659.00,,,,,,
1771,2017-01-04T04:36:42Z,-33.48321667,147.14298333,1663.00,,,,,,
1772,2017-01-04T04:36:47Z,-33.48258333,147.14270000,1662.00,,,,,,
1773,2017-01-04T04:36:52Z,-33.48225000,147.14320000,1668.00,,,,,,
1774,2017-01-04T04:36:57Z,-33.48236667,147.14380000,1674.00,,,,,,
1775,2017-01-04T04:37:02Z,-33.48265000,147.14420000,1678.00,,,,,,
1776,2017-01-04T04:37:07Z,-33.48316667,147.14431667,1691.00,,,,,,
1777,2017-01-04T04:37:12Z,-33.48370000,147.14413333,1690.00,,,,,,
1778,2017-01-04T04:37:17Z,-33.48421667,147.14361667,1689.00,,,,,,
1779,2017-01-04T04:37:22Z,-33.48426667,147.14265000,1685.00,,,,,,
1780,2017-01-04T04:37:27Z,-33.48368333,147.14175000,1688.00,,,,,,
1781,2017-01-04T04:37:32Z,-33.48310000,147.14108333,1696.00,,,,,,
1782,2017-01-04T04:37:37Z,-33.48245000,147.14116667,1699.00,,,,,,
1783,2017-01-04T04:37:42Z,-33.48231667,147.14175000,1704.00,,,,,,
1784,2017-01-04T04:37:47Z,-33.48256667,147.14220000,1711.00,,,,,,
1785,2017-01-04T04:37:52Z,-33.48308333,147.14223333,1721.00,,,,,,
1786,2017-01-04T04:37:57Z,-33.48355000,147.14175000,1728.00,,,,,,
1787,2017-01-04T04:38:02Z,-33.48380000,147.14091667,1732.00,,,,,,
1788,2017-01-04T04:38:07Z,-33.48351667,147.14000000,1736.00,,,,,,
1789,2017-01-04T04:38:12Z,-33.48283333,147.13955000,1753.00,,,,,,
1790,2017-01-04T04:38:17Z,-33.48245000,147.13993333,1748.00,,,,,,
1791,2017-01-04T04:38:22Z,-33.48281667,147.14028333,1747.00,,,,,,
1792,2017-01-04T04:38:27Z,-33.48331667,147.13991667,1763.00,,,,,,
1793,2017-01-04T04:38:32Z,-33.48325000,147.13895000,1758.00,,,,,,
1794,2017-01-04T04:38:37Z,-33.48255000,147.13860000,1765.00,,,,,,
1795,2017-01-04T04:38:42Z,-33.48203333,147.13880000,1773.00,,,,,,
1796,2017-01-04T04:38:47Z,-33.48183333,147.13935000,1773.00,,,,,,
1797,2017-01-04T04:38:52Z,-33.48221667,147.13981667,1777.00,,,,,,
1798,2017-01-04T04:38:57Z,-33.48271667,147.13996667,1788.00,,,,,,
1799,2017-01-04T04:39:02Z,-33.48321667,147.13983333,1793.00,,,,,,
1800,2017-01-04T04:39:07Z,-33.48373333,147.13938333,1794.00,,,,,,
1801,2017-01-04T04:39:12Z,-33.48420000,147.13880000,1801.00,,,,,,
1802,2017-01-04T04:39:17Z,-33.48473333,147.13811667,1803.00,,,,,,
1803,2017-01-04T04:39:22Z,-33.48521667,147.13733333,1811.00,,,,,,
1804,2017-01-04T04:39:27Z,-33.48565000,147.13658333,1816.00,,,,,,
1805,2017-01-04T04:39:32Z,-33.48616667,147.13588333,1820.00,,,,,,
1806,2017-01-04T04:39:37Z,-33.48656667,147.13518333,1827.00,,,,,,
1807,2017-01-04T04:39:42Z,-33.48721667,147.13508333,1839.00,,,,,,
1808,2017-01-04T04:39:47Z,-33.48703333,147.13560000,1844.00,,,,,,
1809,2017-01-04T04:39:52Z,-33.48635000,147.13536667,1850.00,,,,,,
1810,2017-01-04T04:39:57Z,-33.48636667,147.13446667,1861.00,,,,,,
1811,2017-01-04T04:40:02Z,-33.48678333,147.13390000,1869.00,,,,,,
1812,2017-01-04T04:40:07Z,-33.48723333,147.13428333,1877.00,,,,,,
1813,2017-01-04T04:40:12Z,-33.48676667,147.13465000,1883.00,,,,,,
1814,2017-01-04T04:40:17Z,-33.48610000,147.13405000,1879.00,,,,,,
1815,2017-01-04T04:40:22Z,-33.48636667,147.13310000,1890.00,,,,,,
1816,2017-01-04T04:40:27Z,-33.48705000,147.13280000,1905.00,,,,,,
1817,2017-01-04T04:40:32Z,-33.48721667,147.13338333,1915.00,,,,,,
1818,2017-01-04T04:40:37Z,-33.48670000,147.13338333,1920.00,,,,,,
1819,2017-01-04T04:40:42Z,-33.48643333,147.13258333,1930.00,,,,,,
1820,2017-01-04T04:40:47Z,-33.48708333,147.13208333,1942.00,,,,,,
1821,2017-01-04T04:40:52Z,-33.48750000,147.13250000,1953.00,,,,,,
1822,2017-01-04T04:40:57Z,-33.48728333,147.13311667,1970.00,,,,,,
1823,2017-01-04T04:41:02Z,-33.48665000,147.13283333,1970.00,,,,,,
1824,2017-01-04T04:41:07Z,-33.48651667,147.13198333,1973.00,,,,,,
1825,2017-01-04T04:41:12Z,-33.48703333,147.13133333,1987.00,,,,,,
1826,2017-01-04T04:41:17Z,-33.48770000,147.13103333,1998.00,,,,,,
1827,2017-01-04T04:41:22Z,-33.48813333,147.13151667,2005.00,,,,,,
1828,2017-01-04T04:41:27Z,-33.48773333,147.13200000,2013.00,,,,,,
1829,2017-01-04T04:41:32Z,-33.48721667,147.13146667,2025.00,,,,,,
1830,2017-01-04T04:41:37Z,-33.48741667,147.13068333,2031.00,,,,,,
1831,2017-01-04T04:41:42Z,-33.48803333,147.13026667,2047.00,,,,,,
1832,2017-01-04T04:41:47Z,-33.48855000,147.13048333,2066.00,,,,,,
1833,2017-01-04T04:41:52Z,-33.48853333,147.13118333,2080.00,,,,,,
1834,2017-01-04T04:41:57Z,-33.48801667,147.13106667,2087.00,,,,,,
1835,2017-01-04T04:42:02Z,-33.48808333,147.13026667,2087.00,,,,,,
1836,2017-01-04T04:42:07Z,-33.48851667,147.12951667,2102.00,,,,,,
1837,2017-01-04T04:42:12Z,-33.48886667,147.12880000,2116.00,,,,,,
1838,2017-01-04T04:42:17Z,-33.48945000,147.12831667,2130.00,,,,,,
1839,2017-01-04T04:42:22Z,-33.48988333,147.12880000,2140.00,,,,,,
1840,2017-01-04T04:42:27Z,-33.48966667,147.12936667,2137.00,,,,,,
1841,2017-01-04T04:42:32Z,-33.48906667,147.12920000,2145.00,,,,,,
1842,2017-01-04T04:42:37Z,-33.48910000,147.12831667,2156.00,,,,,,
1843,2017-01-04T04:42:42Z,-33.48958333,147.12773333,2177.00,,,,,,
1844,2017-01-04T04:42:47Z,-33.49021667,147.12786667,2181.00,,,,,,
1845,2017-01-04T04:42:52Z,-33.49040000,147.12855000,2177.00,,,,,,
1846,2017-01-04T04:42:57Z,-33.49005000,147.12905000,2164.00,,,,,,
1847,2017-01-04T04:43:02Z,-33.48965000,147.12836667,2168.00,,,,,,
1848,2017-01-04T04:43:07Z,-33.48978333,147.12755000,2172.00,,,,,,
1849,2017-01-04T04:43:12Z,-33.49006667,147.12670000,2183.00,,,,,,
1850,2017-01-04T04:43:17Z,-33.49023333,147.12580000,2188.00,,,,,,
1851,2017-01-04T04:43:22Z,-33.49065000,147.12510000,2205.00,,,,,,
1852,2017-01-04T04:43:27Z,-33.49081667,147.12431667,2211.00,,,,,,
1853,2017-01-04T04:43:32Z,-33.49045000,147.12360000,2211.00,,,,,,
1854,2017-01-04T04:43:37Z,-33.48993333,147.12365000,2213.00,,,,,,
1855,2017-01-04T04:43:42Z,-33.48990000,147.12430000,2221.00,,,,,,
1856,2017-01-04T04:43:47Z,-33.49030000,147.12488333,2242.00,,,,,,
1857,2017-01-04T04:43:52Z,-33.49090000,147.12493333,2248.00,,,,,,
1858,2017-01-04T04:43:57Z,-33.49135000,147.12415000,2252.00,,,,,,
1859,2017-01-04T04:44:02Z,-33.49185000,147.12343333,2246.00,,,,,,
1860,2017-01-04T04:44:07Z,-33.49241667,147.12271667,2244.00,,,,,,
1861,2017-01-04T04:44:12Z,-33.49296667,147.12203333,2231.00,,,,,,
1862,2017-01-04T04:44:17Z,-33.49375000,147.12133333,2220.00,,,,,,
1863,2017-01-04T04:44:22Z,-33.49466667,147.12095000,2223.00,,,,,,
1864,2017-01-04T04:44:27Z,-33.49550000,147.12066667,2214.00,,,,,,
1865,2017-01-04T04:44:32Z,-33.49626667,147.12021667,2212.00,,,,,,
1866,2017-01-04T04:44:37Z,-33.49706667,147.11978333,2202.00,,,,,,
1867,2017-01-04T04:44:42Z,-33.49786667,147.11926667,2199.00,,,,,,
1868,2017-01-04T04:44:47Z,-33.49866667,147.11865000,2186.00,,,,,,
1869,2017-01-04T04:44:52Z,-33.49956667,147.11800000,2176.00,,,,,,
1870,2017-01-04T04:44:57Z,-33.50040000,147.11736667,2174.00,,,,,,
1871,2017-01-04T04:45:02Z,-33.50116667,147.11666667,2165.00,,,,,,
1872,2017-01-04T04:45:07Z,-33.50191667,147.11596667,2159.00,,,,,,
1873,2017-01-04T04:45:12Z,-33.50263333,147.11536667,2157.00,,,,,,
1874,2017-01-04T04:45:17Z,-33.50333333,147.11465000,2144.00,,,,,,
1875,2017-01-04T04:45:22Z,-33.50408333,147.11390000,2145.00,,,,,,
1876,2017-01-04T04:45:27Z,-33.50470000,147.11311667,2138.00,,,,,,
1877,2017-01-04T04:45:32Z,-33.50538333,147.11233333,2133.00,,,,,,
1878,2017-01-04T04:45:37Z,-33.50603333,147.11151667,2123.00,,,,,,
1879,2017-01-04T04:45:42Z,-33.50680000,147.11065000,2114.00,,,,,,
1880,2017-01-04T04:45:47Z,-33.50743333,147.10985000,2116.00,,,,,,
1881,2017-01-04T04:45:52Z,-33.50805000,147.10900000,2104.00,,,,,,
1882,2017-01-04T04:45:57Z,-33.50868333,147.10818333,2092.00,,,,,,
1883,2017-01-04T04:46:02Z,-33.50930000,147.10730000,2080.00,,,,,,
1884,2017-01-04T04:46:07Z,-33.50985000,147.10636667,2070.00,,,,,,
1885,2017-01-04T04:46:12Z,-33.51043333,147.10548333,2057.00,,,,,,
1886,2017-01-04T04:46:17Z,-33.51108333,147.10478333,2056.00,,,,,,
1887,2017-01-04T04:46:22Z,-33.51176667,147.10405000,2051.00,,,,,,
1888,2017-01-04T04:46:27Z,-33.51241667,147.10330000,2041.00,,,,,,
1889,2017-01-04T04:46:32Z,-33.51308333,147.10255000,2030.00,,,,,,
1890,2017-01-04T04:46:37Z,-33.51376667,147.10180000,2018.00,,,,,,
1891,2017-01-04T04:46:42Z,-33.51431667,147.10113333,2012.00,,,,,,
1892,2017-01-04T04:46:47Z,-33.51508333,147.10010000,1997.00,,,,,,
1893,2017-01-04T04:46:52Z,-33.51580000,147.09928333,1987.00,,,,,,
1894,2017-01-04T04:46:57Z,-33.51650000,147.09863333,1982.00,,,,,,
1895,2017-01-04T04:47:02Z,-33.51720000,147.09790000,1968.00,,,,,,
1896,2017-01-04T04:47:07Z,-33.51793333,147.09706667,1966.00,,,,,,
1897,2017-01-04T04:47:12Z,-33.51866667,147.09636667,1972.00,,,,,,
1898,2017-01-04T04:47:17Z,-33.51928333,147.09578333,1980.00,,,,,,
1899,2017-01-04T04:47:22Z,-33.52003333,147.09508333,1965.00,,,,,,
1900,2017-01-04T04:47:27Z,-33.52075000,147.09436667,1968.00,,,,,,
1901,2017-01-04T04:47:32Z,-33.52150000,147.09371667,1966.00,,,,,,
1902,2017-01-04T04:47:37Z,-33.52218333,147.09290000,1961.00,,,,,,
1903,2017-01-04T04:47:42Z,-33.52288333,147.09210000,1945.00,,,,,,
1904,2017-01-04T04:47:47Z,-33.52363333,147.09128333,1939.00,,,,,,
1905,2017-01-04T04:47:52Z,-33.52431667,147.09053333,1934.00,,,,,,
1906,2017-01-04T04:47:57Z,-33.52508333,147.08976667,1924.00,,,,,,
1907,2017-01-04T04:48:02Z,-33.52595000,147.08901667,1919.00,,,,,,
1908,2017-01-04T04:48:07Z,-33.52678333,147.08825000,1921.00,,,,,,
1909,2017-01-04T04:48:12Z,-33.52756667,147.08745000,1918.00,,,,,,
1910,2017-01-04T04:48:17Z,-33.52831667,147.08658333,1907.00,,,,,,
1911,2017-01-04T04:48:22Z,-33.52905000,147.08563333,1898.00,,,,,,
1912,2017-01-04T04:48:27Z,-33.52975000,147.08468333,1889.00,,,,,,
1913,2017-01-04T04:48:32Z,-33.53046667,147.08376667,1880.00,,,,,,
1914,2017-01-04T04:48:37Z,-33.53123333,147.08290000,1871.00,,,,,,
1915,2017-01-04T04:48:42Z,-33.53203333,147.08211667,1864.00,,,,,,
1916,2017-01-04T04:48:47Z,-33.53281667,147.08138333,1857.00,,,,,,
1917,2017-01-04T04:48:52Z,-33.53361667,147.08071667,1855.00,,,,,,
1918,2017-01-04T04:48:57Z,-33.53421667,147.07993333,1848.00,,,,,,
1919,2017-01-04T04:49:02Z,-33.53491667,147.07920000,1838.00,,,,,,
1920,2017-01-04T04:49:07Z,-33.53566667,147.07845000,1835.00,,,,,,
1921,2017-01-04T04:49:12Z,-33.53635000,147.07771667,1831.00,,,,,,
1922,2017-01-04T04:49:17Z,-33.53695000,147.07703333,1839.00,,,,,,
1923,2017-01-04T04:49:22Z,-33.53746667,147.07638333,1836.00,,,,,,
1924,2017-01-04T04:49:27Z,-33.53806667,147.07571667,1826.00,,,,,,
1925,2017-01-04T04:49:32Z,-33.53873333,147.07503333,1818.00,,,,,,
1926,2017-01-04T04:49:37Z,-33.53940000,147.07430000,1807.00,,,,,,
1927,2017-01-04T04:49:42Z,-33.53996667,147.07353333,1798.00,,,,,,
1928,2017-01-04T04:49:47Z,-33.54055000,147.07271667,1783.00,,,,,,
1929,2017-01-04T04:49:52Z,-33.54111667,147.07198333,1774.00,,,,,,
1930,2017-01-04T04:49:57Z,-33.54178333,147.07138333,1757.00,,,,,,
1931,2017-01-04T04:50:02Z,-33.54245000,147.07066667,1751.00,,,,,,
1932,2017-01-04T04:50:07Z,-33.54285000,147.06980000,1740.00,,,,,,
1933,2017-01-04T04:50:12Z,-33.54316667,147.06881667,1730.00,,,,,,
1934,2017-01-04T04:50:17Z,-33.54358333,147.06796667,1723.00,,,,,,
1935,2017-01-04T04:50:22Z,-33.54410000,147.06713333,1725.00,,,,,,
1936,2017-01-04T04:50:27Z,-33.54448333,147.06626667,1714.00,,,,,,
1937,2017-01-04T04:50:32Z,-33.54486667,147.06523333,1700.00,,,,,,
1938,2017-01-04T04:50:37Z,-33.54525000,147.06411667,1694.00,,,,,,
1939,2017-01-04T04:50:42Z,-33.54558333,147.06303333,1683.00,,,,,,
1940,2017-01-04T04:50:47Z,-33.54595000,147.06188333,1675.00,,,,,,
1941,2017-01-04T04:50:52Z,-33.54630000,147.06090000,1667.00,,,,,,
1942,2017-01-04T04:50:57Z,-33.54660000,147.05978333,1658.00,,,,,,
1943,2017-01-04T04:51:02Z,-33.54680000,147.05866667,1654.00,,,,,,
1944,2017-01-04T04:51:07Z,-33.54700000,147.05758333,1642.00,,,,,,
1945,2017-01-04T04:51:12Z,-33.54718333,147.05638333,1635.00,,,,,,
1946,2017-01-04T04:51:17Z,-33.54731667,147.05521667,1634.00,,,,,,
1947,2017-01-04T04:51:22Z,-33.54755000,147.05405000,1627.00,,,,,,
1948,2017-01-04T04:51:27Z,-33.54785000,147.05286667,1624.00,,,,,,
1949,2017-01-04T04:51:32Z,-33.54811667,147.05163333,1626.00,,,,,,
1950,2017-01-04T04:51:37Z,-33.54826667,147.05030000,1620.00,,,,,,
1951,2017-01-04T04:51:42Z,-33.54845000,147.04898333,1615.00,,,,,,
1952,2017-01-04T04:51:47Z,-33.54885000,147.04776667,1611.00,,,,,,
1953,2017-01-04T04:51:52Z,-33.54920000,147.04660000,1604.00,,,,,,
1954,2017-01-04T04:51:57Z,-33.54943333,147.04561667,1585.00,,,,,,
1955,2017-01-04T04:52:02Z,-33.54970000,147.04445000,1572.00,,,,,,
1956,2017-01-04T04:52:07Z,-33.55008333,147.04335000,1562.00,,,,,,
1957,2017-01-04T04:52:12Z,-33.55043333,147.04223333,1550.00,,,,,,
1958,2017-01-04T04:52:17Z,-33.55080000,147.04110000,1542.00,,,,,,
1959,2017-01-04T04:52:22Z,-33.55118333,147.04000000,1534.00,,,,,,
1960,2017-01-04T04:52:27Z,-33.55146667,147.03891667,1532.00,,,,,,
1961,2017-01-04T04:52:32Z,-33.55178333,147.03780000,1522.00,,,,,,
1962,2017-01-04T04:52:37Z,-33.55198333,147.03663333,1518.00,,,,,,
1963,2017-01-04T04:52:42Z,-33.55225000,147.03553333,1513.00,,,,,,
1964,2017-01-04T04:52:47Z,-33.55265000,147.03441667,1508.00,,,,,,
1965,2017-01-04T04:52:52Z,-33.55310000,147.03336667,1504.00,,,,,,
1966,2017-01-04T04:52:57Z,-33.55348333,147.03221667,1496.00,,,,,,
1967,2017-01-04T04:53:02Z,-33.55380000,147.03100000,1492.00,,,,,,
1968,2017-01-04T04:53:07Z,-33.55405000,147.02980000,1487.00,,,,,,
1969,2017-01-04T04:53:12Z,-33.55423333,147.02866667,1480.00,,,,,,
1970,2017-01-04T04:53:17Z,-33.55440000,147.02746667,1473.00,,,,,,
1971,2017-01-04T04:53:22Z,-33.55458333,147.02636667,1467.00,,,,,,
1972,2017-01-04T04:53:27Z,-33.55476667,147.02518333,1452.00,,,,,,
1973,2017-01-04T04:53:32Z,-33.55493333,147.02396667,1439.00,,,,,,
1974,2017-01-04T04:53:37Z,-33.55518333,147.02271667,1425.00,,,,,,
1975,2017-01-04T04:53:42Z,-33.55521667,147.02143333,1411.00,,,,,,
1976,2017-01-04T04:53:47Z,-33.55530000,147.02030000,1403.00,,,,,,
1977,2017-01-04T04:53:52Z,-33.55550000,147.01916667,1387.00,,,,,,
1978,2017-01-04T04:53:57Z,-33.55570000,147.01800000,1378.00,,,,,,
1979,2017-01-04T04:54:02Z,-33.55605000,147.01696667,1374.00,,,,,,
1980,2017-01-04T04:54:07Z,-33.55640000,147.01590000,1367.00,,,,,,
1981,2017-01-04T04:54:12Z,-33.55670000,147.01483333,1356.00,,,,,,
1982,2017-01-04T04:54:17Z,-33.55695000,147.01376667,1351.00,,,,,,
1983,2017-01-04T04:54:22Z,-33.55728333,147.01288333,1345.00,,,,,,
1984,2017-01-04T04:54:27Z,-33.55775000,147.01201667,1335.00,,,,,,
1985,2017-01-04T04:54:32Z,-33.55821667,147.01126667,1326.00,,,,,,
1986,2017-01-04T04:54:37Z,-33.55863333,147.01036667,1310.00,,,,,,
1987,2017-01-04T04:54:42Z,-33.55911667,147.00945000,1294.00,,,,,,
1988,2017-01-04T04:54:47Z,-33.55955000,147.00855000,1281.00,,,,,,
1989,2017-01-04T04:54:52Z,-33.55991667,147.00756667,1262.00,,,,,,
1990,2017-01-04T04:54:57Z,-33.56038333,147.00656667,1249.00,,,,,,
1991,2017-01-04T04:55:02Z,-33.56090000,147.00566667,1235.00,,,,,,
1992,2017-01-04T04:55:07Z,-33.56141667,147.00470000,1224.00,,,,,,
1993,2017-01-04T04:55:12Z,-33.56186667,147.00376667,1216.00,,,,,,
1994,2017-01-04T04:55:17Z,-33.56220000,147.00270000,1209.00,,,,,,
1995,2017-01-04T04:55:22Z,-33.56251667,147.00165000,1202.00,,,,,,
1996,2017-01-04T04:55:27Z,-33.56283333,147.00063333,1193.00,,,,,,
1997,2017-01-04T04:55:32Z,-33.56311667,146.99958333,1192.00,,,,,,
1998,2017-01-04T04:55:37Z,-33.56338333,146.99863333,1178.00,,,,,,
1999,2017-01-04T04:55:42Z,-33.56360000,146.99760000,1167.00,,,,,,
2000,2017-01-04T04:55:47Z,-33.56375000,146.99661667,1152.00,,,,,,
2001,2017-01-04T04:55:52Z,-33.56383333,146.99555000,1141.00,,,,,,
2002,2017-01-04T04:55:57Z,-33.56390000,146.99448333,1135.00,,,,,,
2003,2017-01-04T04:56:02Z,-33.56393333,146.99343333,1129.00,,,,,,
2004,2017-01-04T04:56:07Z,-33.56400000,146.99233333,1117.00,,,,,,
2005,2017-01-04T04:56:12Z,-33.56398333,146.99123333,1107.00,,,,,,
2006,2017-01-04T04:56:17Z,-33.56396667,146.99011667,1098.00,,,,,,
2007,2017-01-04T04:56:22Z,-33.56398333,146.98903333,1085.00,,,,,,
2008,2017-01-04T04:56:27Z,-33.56403333,146.98786667,1066.00,,,,,,
2009,2017-01-04T04:56:32Z,-33.56411667,146.98673333,1062.00,,,,,,
2010,2017-01-04T04:56:37Z,-33.56420000,146.98568333,1048.00,,,,,,
2011,2017-01-04T04:56:42Z,-33.56435000,146.98458333,1039.00,,,,,,
2012,2017-01-04T04:56:47Z,-33.56460000,146.98351667,1030.00,,,,,,
2013,2017-01-04T04:56:52Z,-33.56473333,146.98235000,1024.00,,,,,,
2014,2017-01-04T04:56:57Z,-33.56468333,146.98130000,1018.00,,,,,,
2015,2017-01-04T04:57:02Z,-33.56456667,146.98015000,1015.00,,,,,,
2016,2017-01-04T04:57:07Z,-33.56448333,146.97908333,1018.00,,,,,,
2017,2017-01-04T04:57:12Z,-33.56438333,146.97803333,1020.00,,,,,,
2018,2017-01-04T04:57:17Z,-33.56426667,146.97698333,1027.00,,,,,,
2019,2017-01-04T04:57:22Z,-33.56420000,146.97591667,1026.00,,,,,,
2020,2017-01-04T04:57:27Z,-33.56421667,146.97485000,1026.00,,,,,,
2021,2017-01-04T04:57:32Z,-33.56430000,146.97386667,1030.00,,,,,,
2022,2017-01-04T04:57:37Z,-33.56446667,146.97286667,1029.00,,,,,,
2023,2017-01-04T04:57:42Z,-33.56443333,146.97180000,1031.00,,,,,,
2024,2017-01-04T04:57:47Z,-33.56433333,146.97075000,1035.00,,,,,,
2025,2017-01-04T04:57:52Z,-33.56436667,146.96971667,1033.00,,,,,,
2026,2017-01-04T04:57:57Z,-33.56445000,146.96871667,1039.00,,,,,,
2027,2017-01-04T04:58:02Z,-33.56450000,146.96776667,1045.00,,,,,,
2028,2017-01-04T04:58:07Z,-33.56451667,146.96680000,1049.00,,,,,,
2029,2017-01-04T04:58:12Z,-33.56486667,146.96601667,1061.00,,,,,,
2030,2017-01-04T04:58:17Z,-33.56548333,146.96588333,1075.00,,,,,,
2031,2017-01-04T04:58:22Z,-33.56573333,146.96633333,1083.00,,,,,,
2032,2017-01-04T04:58:27Z,-33.56528333,146.96668333,1098.00,,,,,,
2033,2017-01-04T04:58:32Z,-33.56471667,146.96621667,1105.00,,,,,,
2034,2017-01-04T04:58:37Z,-33.56476667,146.96531667,1111.00,,,,,,
2035,2017-01-04T04:58:42Z,-33.56540000,146.96503333,1124.00,,,,,,
2036,2017-01-04T04:58:47Z,-33.56590000,146.96510000,1133.00,,,,,,
2037,2017-01-04T04:58:52Z,-33.56603333,146.96561667,1143.00,,,,,,
2038,2017-01-04T04:58:57Z,-33.56570000,146.96608333,1156.00,,,,,,
2039,2017-01-04T04:59:02Z,-33.56513333,146.96615000,1159.00,,,,,,
2040,2017-01-04T04:59:07Z,-33.56473333,146.96546667,1166.00,,,,,,
2041,2017-01-04T04:59:12Z,-33.56495000,146.96461667,1187.00,,,,,,
2042,2017-01-04T04:59:17Z,-33.56526667,146.96368333,1191.00,,,,,,
2043,2017-01-04T04:59:22Z,-33.56590000,146.96393333,1205.00,,,,,,
2044,2017-01-04T04:59:27Z,-33.56588333,146.96451667,1213.00,,,,,,
2045,2017-01-04T04:59:32Z,-33.56525000,146.96453333,1218.00,,,,,,
2046,2017-01-04T04:59:37Z,-33.56481667,146.96380000,1230.00,,,,,,
2047,2017-01-04T04:59:42Z,-33.56488333,146.96293333,1245.00,,,,,,
2048,2017-01-04T04:59:47Z,-33.56551667,146.96248333,1263.00,,,,,,
2049,2017-01-04T04:59:52Z,-33.56605000,146.96260000,1276.00,,,,,,
2050,2017-01-04T04:59:57Z,-33.56601667,146.96308333,1285.00,,,,,,
2051,2017-01-04T05:00:02Z,-33.56545000,146.96325000,1293.00,,,,,,
2052,2017-01-04T05:00:07Z,-33.56503333,146.96245000,1301.00,,,,,,
2053,2017-01-04T05:00:12Z,-33.56545000,146.96170000,1315.00,,,,,,
2054,2017-01-04T05:00:17Z,-33.56608333,146.96165000,1333.00,,,,,,
2055,2017-01-04T05:00:22Z,-33.56646667,146.96191667,1351.00,,,,,,
2056,2017-01-04T05:00:27Z,-33.56608333,146.96223333,1354.00,,,,,,
2057,2017-01-04T05:00:32Z,-33.56566667,146.96150000,1366.00,,,,,,
2058,2017-01-04T05:00:37Z,-33.56588333,146.96065000,1390.00,,,,,,
2059,2017-01-04T05:00:42Z,-33.56648333,146.96058333,1405.00,,,,,,
2060,2017-01-04T05:00:47Z,-33.56668333,146.96095000,1408.00,,,,,,
2061,2017-01-04T05:00:52Z,-33.56628333,146.96135000,1417.00,,,,,,
2062,2017-01-04T05:00:57Z,-33.56575000,146.96088333,1420.00,,,,,,
2063,2017-01-04T05:01:02Z,-33.56595000,146.95995000,1432.00,,,,,,
2064,2017-01-04T05:01:07Z,-33.56655000,146.95965000,1448.00,,,,,,
2065,2017-01-04T05:01:12Z,-33.56660000,146.96008333,1452.00,,,,,,
2066,2017-01-04T05:01:17Z,-33.56600000,146.96023333,1461.00,,,,,,
2067,2017-01-04T05:01:22Z,-33.56551667,146.95961667,1468.00,,,,,,
2068,2017-01-04T05:01:27Z,-33.56560000,146.95861667,1483.00,,,,,,
2069,2017-01-04T05:01:32Z,-33.56611667,146.95805000,1494.00,,,,,,
2070,2017-01-04T05:01:37Z,-33.56658333,146.95830000,1503.00,,,,,,
2071,2017-01-04T05:01:42Z,-33.56611667,146.95860000,1511.00,,,,,,
2072,2017-01-04T05:01:47Z,-33.56560000,146.95796667,1519.00,,,,,,
2073,2017-01-04T05:01:52Z,-33.56586667,146.95705000,1539.00,,,,,,
2074,2017-01-04T05:01:57Z,-33.56646667,146.95668333,1544.00,,,,,,
2075,2017-01-04T05:02:02Z,-33.56705000,146.95686667,1554.00,,,,,,
2076,2017-01-04T05:02:07Z,-33.56720000,146.95748333,1559.00,,,,,,
2077,2017-01-04T05:02:12Z,-33.56678333,146.95783333,1558.00,,,,,,
2078,2017-01-04T05:02:17Z,-33.56615000,146.95745000,1575.00,,,,,,
2079,2017-01-04T05:02:22Z,-33.56620000,146.95651667,1578.00,,,,,,
2080,2017-01-04T05:02:27Z,-33.56663333,146.95578333,1588.00,,,,,,
2081,2017-01-04T05:02:32Z,-33.56728333,146.95548333,1596.00,,,,,,
2082,2017-01-04T05:02:37Z,-33.56770000,146.95593333,1601.00,,,,,,
2083,2017-01-04T05:02:42Z,-33.56746667,146.95643333,1609.00,,,,,,
2084,2017-01-04T05:02:47Z,-33.56686667,146.95638333,1611.00,,,,,,
2085,2017-01-04T05:02:52Z,-33.56638333,146.95575000,1612.00,,,,,,
2086,2017-01-04T05:02:57Z,-33.56660000,146.95480000,1624.00,,,,,,
2087,2017-01-04T05:03:02Z,-33.56713333,146.95426667,1631.00,,,,,,
2088,2017-01-04T05:03:07Z,-33.56773333,146.95416667,1631.00,,,,,,
2089,2017-01-04T05:03:12Z,-33.56815000,146.95445000,1643.00,,,,,,
2090,2017-01-04T05:03:17Z,-33.56866667,146.95408333,1634.00,,,,,,
2091,2017-01-04T05:03:22Z,-33.56865000,146.95315000,1632.00,,,,,,
2092,2017-01-04T05:03:27Z,-33.56806667,146.95266667,1625.00,,,,,,
2093,2017-01-04T05:03:32Z,-33.56760000,146.95313333,1627.00,,,,,,
2094,2017-01-04T05:03:37Z,-33.56740000,146.95371667,1626.00,,,,,,
2095,2017-01-04T05:03:42Z,-33.56743333,146.95436667,1632.00,,,,,,
2096,2017-01-04T05:03:47Z,-33.56771667,146.95505000,1625.00,,,,,,
2097,2017-01-04T05:03:52Z,-33.56810000,146.95566667,1626.00,,,,,,
2098,2017-01-04T05:03:57Z,-33.56855000,146.95618333,1617.00,,,,,,
2099,2017-01-04T05:04:02Z,-33.56906667,146.95675000,1605.00,,,,,,
2100,2017-01-04T05:04:07Z,-33.56960000,146.95723333,1596.00,,,,,,
2101,2017-01-04T05:04:12Z,-33.57021667,146.95760000,1582.00,,,,,,
2102,2017-01-04T05:04:17Z,-33.57093333,146.95823333,1570.00,,,,,,
2103,2017-01-04T05:04:22Z,-33.57153333,146.95881667,1557.00,,,,,,
2104,2017-01-04T05:04:27Z,-33.57216667,146.95938333,1547.00,,,,,,
2105,2017-01-04T05:04:32Z,-33.57285000,146.95995000,1533.00,,,,,,
2106,2017-01-04T05:04:37Z,-33.57351667,146.96053333,1522.00,,,,,,
2107,2017-01-04T05:04:42Z,-33.57425000,146.96101667,1513.00,,,,,,
2108,2017-01-04T05:04:47Z,-33.57491667,146.96156667,1504.00,,,,,,
2109,2017-01-04T05:04:52Z,-33.57560000,146.96210000,1495.00,,,,,,
2110,2017-01-04T05:04:57Z,-33.57623333,146.96251667,1486.00,,,,,,
2111,2017-01-04T05:05:02Z,-33.57691667,146.96298333,1475.00,,,,,,
2112,2017-01-04T05:05:07Z,-33.57756667,146.96335000,1469.00,,,,,,
2113,2017-01-04T05:05:12Z,-33.57831667,146.96368333,1454.00,,,,,,
2114,2017-01-04T05:05:17Z,-33.57908333,146.96403333,1443.00,,,,,,
2115,2017-01-04T05:05:22Z,-33.57985000,146.96426667,1428.00,,,,,,
2116,2017-01-04T05:05:27Z,-33.58063333,146.96440000,1415.00,,,,,,
2117,2017-01-04T05:05:32Z,-33.58136667,146.96466667,1405.00,,,,,,
2118,2017-01-04T05:05:37Z,-33.58208333,146.96493333,1392.00,,,,,,
2119,2017-01-04T05:05:42Z,-33.58275000,146.96525000,1388.00,,,,,,
2120,2017-01-04T05:05:47Z,-33.58343333,146.96550000,1377.00,,,,,,
2121,2017-01-04T05:05:53Z,-33.58395000,146.96576667,1371.00,,,,,,
2122,2017-01-04T05:05:58Z,-33.58445000,146.96623333,1366.00,,,,,,
2123,2017-01-04T05:06:03Z,-33.58506667,146.96655000,1367.00,,,,,,
2124,2017-01-04T05:06:08Z,-33.58561667,146.96678333,1373.00,,,,,,
2125,2017-01-04T05:06:13Z,-33.58613333,146.96691667,1385.00,,,,,,
2126,2017-01-04T05:06:18Z,-33.58656667,146.96708333,1391.00,,,,,,
2127,2017-01-04T05:06:23Z,-33.58696667,146.96738333,1393.00,,,,,,
2128,2017-01-04T05:06:28Z,-33.58746667,146.96768333,1385.00,,,,,,
2129,2017-01-04T05:06:33Z,-33.58813333,146.96798333,1375.00,,,,,,
2130,2017-01-04T05:06:38Z,-33.58881667,146.96835000,1366.00,,,,,,
2131,2017-01-04T05:06:43Z,-33.58948333,146.96878333,1353.00,,,,,,
2132,2017-01-04T05:06:48Z,-33.59015000,146.96915000,1348.00,,,,,,
2133,2017-01-04T05:06:53Z,-33.59076667,146.96950000,1344.00,,,,,,
2134,2017-01-04T05:06:58Z,-33.59136667,146.96976667,1339.00,,,,,,
2135,2017-01-04T05:07:03Z,-33.59208333,146.96996667,1327.00,,,,,,
2136,2017-01-04T05:07:08Z,-33.59276667,146.97006667,1316.00,,,,,,
2137,2017-01-04T05:07:13Z,-33.59348333,146.97013333,1301.00,,,,,,
2138,2017-01-04T05:07:18Z,-33.59425000,146.97018333,1280.00,,,,,,
2139,2017-01-04T05:07:23Z,-33.59495000,146.97026667,1273.00,,,,,,
2140,2017-01-04T05:07:28Z,-33.59571667,146.97023333,1257.00,,,,,,
2141,2017-01-04T05:07:33Z,-33.59653333,146.97030000,1239.00,,,,,,
2142,2017-01-04T05:07:38Z,-33.59731667,146.97028333,1240.00,,,,,,
2143,2017-01-04T05:07:43Z,-33.59800000,146.97030000,1226.00,,,,,,
2144,2017-01-04T05:07:48Z,-33.59880000,146.97031667,1219.00,,,,,,
2145,2017-01-04T05:07:53Z,-33.59955000,146.97040000,1205.00,,,,,,
2146,2017-01-04T05:07:58Z,-33.60026667,146.97058333,1203.00,,,,,,
2147,2017-01-04T05:08:03Z,-33.60091667,146.97070000,1191.00,,,,,,
2148,2017-01-04T05:08:08Z,-33.60161667,146.97076667,1186.00,,,,,,
2149,2017-01-04T05:08:13Z,-33.60236667,146.97080000,1178.00,,,,,,
2150,2017-01-04T05:08:18Z,-33.60308333,146.97071667,1178.00,,,,,,
2151,2017-01-04T05:08:23Z,-33.60366667,146.97085000,1173.00,,,,,,
2152,2017-01-04T05:08:28Z,-33.60418333,146.97103333,1167.00,,,,,,
2153,2017-01-04T05:08:33Z,-33.60483333,146.97086667,1152.00,,,,,,
2154,2017-01-04T05:08:38Z,-33.60548333,146.97078333,1139.00,,,,,,
2155,2017-01-04T05:08:43Z,-33.60615000,146.97073333,1123.00,,,,,,
2156,2017-01-04T05:08:48Z,-33.60686667,146.97080000,1110.00,,,,,,
2157,2017-01-04T05:08:53Z,-33.60753333,146.97098333,1100.00,,,,,,
2158,2017-01-04T05:08:58Z,-33.60821667,146.97113333,1086.00,,,,,,
2159,2017-01-04T05:09:03Z,-33.60898333,146.97106667,1076.00,,,,,,
2160,2017-01-04T05:09:08Z,-33.60968333,146.97090000,1063.00,,,,,,
2161,2017-01-04T05:09:13Z,-33.61046667,146.97055000,1043.00,,,,,,
2162,2017-01-04T05:09:18Z,-33.61113333,146.96995000,1025.00,,,,,,
2163,2017-01-04T05:09:23Z,-33.61188333,146.96955000,1004.00,,,,,,
2164,2017-01-04T05:09:28Z,-33.61271667,146.96958333,999.00,,,,,,
2165,2017-01-04T05:09:33Z,-33.61340000,146.96981667,991.00,,,,,,
2166,2017-01-04T05:09:38Z,-33.61395000,146.96986667,980.00,,,,,,
2167,2017-01-04T05:09:43Z,-33.61471667,146.96976667,974.00,,,,,,
2168,2017-01-04T05:09:48Z,-33.61540000,146.96960000,971.00,,,,,,
2169,2017-01-04T05:09:53Z,-33.61605000,146.96938333,962.00,,,,,,
2170,2017-01-04T05:09:58Z,-33.61671667,146.96911667,952.00,,,,,,
2171,2017-01-04T05:10:03Z,-33.61736667,146.96901667,948.00,,,,,,
2172,2017-01-04T05:10:08Z,-33.61808333,146.96918333,956.00,,,,,,
2173,2017-01-04T05:10:13Z,-33.61858333,146.96928333,978.00,,,,,,
2174,2017-01-04T05:10:18Z,-33.61845000,146.96966667,981.00,,,,,,
2175,2017-01-04T05:10:23Z,-33.61786667,146.96961667,990.00,,,,,,
2176,2017-01-04T05:10:28Z,-33.61753333,146.96866667,996.00,,,,,,
2177,2017-01-04T05:10:33Z,-33.61790000,146.96785000,997.00,,,,,,
2178,2017-01-04T05:10:38Z,-33.61851667,146.96745000,1022.00,,,,,,
2179,2017-01-04T05:10:43Z,-33.61908333,146.96710000,1043.00,,,,,,
2180,2017-01-04T05:10:48Z,-33.61923333,146.96725000,1055.00,,,,,,
2181,2017-01-04T05:10:53Z,-33.61885000,146.96746667,1066.00,,,,,,
2182,2017-01-04T05:10:58Z,-33.61826667,146.96700000,1073.00,,,,,,
2183,2017-01-04T05:11:03Z,-33.61838333,146.96598333,1074.00,,,,,,
2184,2017-01-04T05:11:08Z,-33.61896667,146.96556667,1103.00,,,,,,
2185,2017-01-04T05:11:13Z,-33.61940000,146.96563333,1111.00,,,,,,
2186,2017-01-04T05:11:18Z,-33.61911667,146.96601667,1119.00,,,,,,
2187,2017-01-04T05:11:23Z,-33.61860000,146.96545000,1126.00,,,,,,
2188,2017-01-04T05:11:28Z,-33.61871667,146.96450000,1145.00,,,,,,
2189,2017-01-04T05:11:33Z,-33.61930000,146.96441667,1151.00,,,,,,
2190,2017-01-04T05:11:38Z,-33.61965000,146.96463333,1166.00,,,,,,
2191,2017-01-04T05:11:43Z,-33.61970000,146.96503333,1170.00,,,,,,
2192,2017-01-04T05:11:48Z,-33.61936667,146.96531667,1176.00,,,,,,
2193,2017-01-04T05:11:53Z,-33.61881667,146.96496667,1186.00,,,,,,
2194,2017-01-04T05:11:58Z,-33.61858333,146.96390000,1185.00,,,,,,
2195,2017-01-04T05:12:03Z,-33.61906667,146.96311667,1194.00,,,,,,
2196,2017-01-04T05:12:08Z,-33.61963333,146.96298333,1201.00,,,,,,
2197,2017-01-04T05:12:13Z,-33.62003333,146.96315000,1211.00,,,,,,
2198,2017-01-04T05:12:18Z,-33.62053333,146.96318333,1227.00,,,,,,
2199,2017-01-04T05:12:23Z,-33.62060000,146.96365000,1234.00,,,,,,
2200,2017-01-04T05:12:28Z,-33.62011667,146.96366667,1240.00,,,,,,
2201,2017-01-04T05:12:33Z,-33.61978333,146.96285000,1248.00,,,,,,
2202,2017-01-04T05:12:38Z,-33.62023333,146.96213333,1262.00,,,,,,
2203,2017-01-04T05:12:43Z,-33.62081667,146.96180000,1273.00,,,,,,
2204,2017-01-04T05:12:48Z,-33.62128333,146.96180000,1278.00,,,,,,
2205,2017-01-04T05:12:53Z,-33.62158333,146.96201667,1289.00,,,,,,
2206,2017-01-04T05:12:58Z,-33.62181667,146.96236667,1289.00,,,,,,
2207,2017-01-04T05:13:03Z,-33.62190000,146.96283333,1287.00,,,,,,
2208,2017-01-04T05:13:08Z,-33.62165000,146.96315000,1292.00,,,,,,
2209,2017-01-04T05:13:13Z,-33.62113333,146.96293333,1280.00,,,,,,
2210,2017-01-04T05:13:18Z,-33.62083333,146.96188333,1287.00,,,,,,
2211,2017-01-04T05:13:23Z,-33.62110000,146.96091667,1281.00,,,,,,
2212,2017-01-04T05:13:28Z,-33.62181667,146.96038333,1281.00,,,,,,
2213,2017-01-04T05:13:33Z,-33.62260000,146.96025000,1289.00,,,,,,
2214,2017-01-04T05:13:38Z,-33.62321667,146.96035000,1293.00,,,,,,
2215,2017-01-04T05:13:43Z,-33.62340000,146.96068333,1284.00,,,,,,
2216,2017-01-04T05:13:48Z,-33.62328333,146.96106667,1282.00,,,,,,
2217,2017-01-04T05:13:53Z,-33.62331667,146.96155000,1275.00,,,,,,
2218,2017-01-04T05:13:58Z,-33.62330000,146.96208333,1279.00,,,,,,
2219,2017-01-04T05:14:03Z,-33.62340000,146.96255000,1288.00,,,,,,
2220,2017-01-04T05:14:08Z,-33.62333333,146.96286667,1278.00,,,,,,
2221,2017-01-04T05:14:13Z,-33.62313333,146.96325000,1276.00,,,,,,
2222,2017-01-04T05:14:18Z,-33.62320000,146.96373333,1272.00,,,,,,
2223,2017-01-04T05:14:23Z,-33.62331667,146.96431667,1272.00,,,,,,
2224,2017-01-04T05:14:28Z,-33.62358333,146.96486667,1282.00,,,,,,
2225,2017-01-04T05:14:33Z,-33.62403333,146.96516667,1281.00,,,,,,
2226,2017-01-04T05:14:38Z,-33.62475000,146.96500000,1280.00,,,,,,
2227,2017-01-04T05:14:43Z,-33.62523333,146.96421667,1282.00,,,,,,
2228,2017-01-04T05:14:48Z,-33.62511667,146.96333333,1275.00,,,,,,
2229,2017-01-04T05:14:53Z,-33.62463333,146.96325000,1276.00,,,,,,
2230,2017-01-04T05:14:58Z,-33.62486667,146.96380000,1275.00,,,,,,
2231,2017-01-04T05:15:03Z,-33.62535000,146.96415000,1281.00,,,,,,
2232,2017-01-04T05:15:08Z,-33.62581667,146.96453333,1273.00,,,,,,
2233,2017-01-04T05:15:13Z,-33.62631667,146.96466667,1259.00,,,,,,
2234,2017-01-04T05:15:18Z,-33.62696667,146.96436667,1248.00,,,,,,
2235,2017-01-04T05:15:23Z,-33.62761667,146.96373333,1229.00,,,,,,
2236,2017-01-04T05:15:28Z,-33.62825000,146.96295000,1211.00,,,,,,
2237,2017-01-04T05:15:33Z,-33.62890000,146.96220000,1197.00,,,,,,
2238,2017-01-04T05:15:38Z,-33.62956667,146.96143333,1178.00,,,,,,
2239,2017-01-04T05:15:43Z,-33.63023333,146.96058333,1162.00,,,,,,
2240,2017-01-04T05:15:48Z,-33.63075000,146.95955000,1148.00,,,,,,
2241,2017-01-04T05:15:53Z,-33.63118333,146.95850000,1138.00,,,,,,
2242,2017-01-04T05:15:58Z,-33.63165000,146.95750000,1127.00,,,,,,
2243,2017-01-04T05:16:03Z,-33.63216667,146.95653333,1123.00,,,,,,
2244,2017-01-04T05:16:08Z,-33.63266667,146.95566667,1120.00,,,,,,
2245,2017-01-04T05:16:13Z,-33.63310000,146.95466667,1105.00,,,,,,
2246,2017-01-04T05:16:18Z,-33.63356667,146.95366667,1090.00,,,,,,
2247,2017-01-04T05:16:23Z,-33.63398333,146.95260000,1075.00,,,,,,
2248,2017-01-04T05:16:28Z,-33.63431667,146.95155000,1066.00,,,,,,
2249,2017-01-04T05:16:33Z,-33.63466667,146.95053333,1046.00,,,,,,
2250,2017-01-04T05:16:38Z,-33.63506667,146.94950000,1036.00,,,,,,
2251,2017-01-04T05:16:43Z,-33.63535000,146.94828333,1022.00,,,,,,
2252,2017-01-04T05:16:48Z,-33.63566667,146.94716667,1025.00,,,,,,
2253,2017-01-04T05:16:53Z,-33.63610000,146.94610000,1026.00,,,,,,
2254,2017-01-04T05:16:58Z,-33.63648333,146.94513333,1043.00,,,,,,
2255,2017-01-04T05:17:03Z,-33.63708333,146.94480000,1050.00,,,,,,
2256,2017-01-04T05:17:08Z,-33.63718333,146.94506667,1055.00,,,,,,
2257,2017-01-04T05:17:13Z,-33.63665000,146.94503333,1058.00,,,,,,
2258,2017-01-04T05:17:18Z,-33.63613333,146.94455000,1063.00,,,,,,
2259,2017-01-04T05:17:23Z,-33.63593333,146.94363333,1075.00,,,,,,
2260,2017-01-04T05:17:28Z,-33.63610000,146.94266667,1092.00,,,,,,
2261,2017-01-04T05:17:33Z,-33.63670000,146.94230000,1106.00,,,,,,
2262,2017-01-04T05:17:38Z,-33.63710000,146.94253333,1122.00,,,,,,
2263,2017-01-04T05:17:43Z,-33.63696667,146.94291667,1137.00,,,,,,
2264,2017-01-04T05:17:48Z,-33.63643333,146.94280000,1135.00,,,,,,
2265,2017-01-04T05:17:53Z,-33.63605000,146.94193333,1155.00,,,,,,
2266,2017-01-04T05:17:58Z,-33.63633333,146.94108333,1166.00,,,,,,
2267,2017-01-04T05:18:03Z,-33.63698333,146.94048333,1176.00,,,,,,
2268,2017-01-04T05:18:08Z,-33.63770000,146.94076667,1182.00,,,,,,
2269,2017-01-04T05:18:13Z,-33.63796667,146.94121667,1196.00,,,,,,
2270,2017-01-04T05:18:18Z,-33.63761667,146.94140000,1196.00,,,,,,
2271,2017-01-04T05:18:23Z,-33.63701667,146.94105000,1199.00,,,,,,
2272,2017-01-04T05:18:28Z,-33.63673333,146.94013333,1200.00,,,,,,
2273,2017-01-04T05:18:33Z,-33.63695000,146.93920000,1221.00,,,,,,
2274,2017-01-04T05:18:38Z,-33.63753333,146.93871667,1231.00,,,,,,
2275,2017-01-04T05:18:43Z,-33.63813333,146.93881667,1240.00,,,,,,
2276,2017-01-04T05:18:48Z,-33.63825000,146.93930000,1249.00,,,,,,
2277,2017-01-04T05:18:53Z,-33.63790000,146.93951667,1250.00,,,,,,
2278,2017-01-04T05:18:58Z,-33.63733333,146.93903333,1245.00,,,,,,
2279,2017-01-04T05:19:03Z,-33.63715000,146.93798333,1250.00,,,,,,
2280,2017-01-04T05:19:08Z,-33.63715000,146.93706667,1266.00,,,,,,
2281,2017-01-04T05:19:13Z,-33.63728333,146.93605000,1263.00,,,,,,
2282,2017-01-04T05:19:18Z,-33.63750000,146.93515000,1269.00,,,,,,
2283,2017-01-04T05:19:23Z,-33.63780000,146.93423333,1275.00,,,,,,
2284,2017-01-04T05:19:28Z,-33.63818333,146.93333333,1279.00,,,,,,
2285,2017-01-04T05:19:33Z,-33.63865000,146.93253333,1288.00,,,,,,
2286,2017-01-04T05:19:38Z,-33.63916667,146.93173333,1286.00,,,,,,
2287,2017-01-04T05:19:43Z,-33.63971667,146.93091667,1286.00,,,,,,
2288,2017-01-04T05:19:48Z,-33.64033333,146.93001667,1293.00,,,,,,
2289,2017-01-04T05:19:53Z,-33.64093333,146.92915000,1287.00,,,,,,
2290,2017-01-04T05:19:58Z,-33.64175000,146.92851667,1271.00,,,,,,
2291,2017-01-04T05:20:03Z,-33.64245000,146.92783333,1264.00,,,,,,
2292,2017-01-04T05:20:08Z,-33.64310000,146.92710000,1253.00,,,,,,
2293,2017-01-04T05:20:13Z,-33.64376667,146.92645000,1241.00,,,,,,
2294,2017-01-04T05:20:18Z,-33.64450000,146.92575000,1246.00,,,,,,
2295,2017-01-04T05:20:23Z,-33.64510000,146.92511667,1259.00,,,,,,
2296,2017-01-04T05:20:28Z,-33.64563333,146.92500000,1263.00,,,,,,
2297,2017-01-04T05:20:33Z,-33.64571667,146.92553333,1266.00,,,,,,
2298,2017-01-04T05:20:38Z,-33.64528333,146.92575000,1278.00,,,,,,
2299,2017-01-04T05:20:43Z,-33.64483333,146.92541667,1280.00,,,,,,
2300,2017-01-04T05:20:48Z,-33.64456667,146.92463333,1279.00,,,,,,
2301,2017-01-04T05:20:53Z,-33.64463333,146.92365000,1274.00,,,,,,
2302,2017-01-04T05:20:58Z,-33.64481667,146.92263333,1275.00,,,,,,
2303,2017-01-04T05:21:03Z,-33.64515000,146.92185000,1282.00,,,,,,
2304,2017-01-04T05:21:08Z,-33.64551667,146.92106667,1285.00,,,,,,
2305,2017-01-04T05:21:13Z,-33.64598333,146.92046667,1291.00,,,,,,
2306,2017-01-04T05:21:18Z,-33.64645000,146.91980000,1301.00,,,,,,
2307,2017-01-04T05:21:23Z,-33.64708333,146.91990000,1313.00,,,,,,
2308,2017-01-04T05:21:28Z,-33.64690000,146.92025000,1314.00,,,,,,
2309,2017-01-04T05:21:33Z,-33.64613333,146.92011667,1316.00,,,,,,
2310,2017-01-04T05:21:38Z,-33.64553333,146.91938333,1326.00,,,,,,
2311,2017-01-04T05:21:43Z,-33.64538333,146.91835000,1334.00,,,,,,
2312,2017-01-04T05:21:48Z,-33.64563333,146.91741667,1340.00,,,,,,
2313,2017-01-04T05:21:53Z,-33.64618333,146.91676667,1346.00,,,,,,
2314,2017-01-04T05:21:58Z,-33.64670000,146.91683333,1364.00,,,,,,
2315,2017-01-04T05:22:03Z,-33.64680000,146.91721667,1368.00,,,,,,
2316,2017-01-04T05:22:08Z,-33.64618333,146.91713333,1370.00,,,,,,
2317,2017-01-04T05:22:13Z,-33.64616667,146.91616667,1384.00,,,,,,
2318,2017-01-04T05:22:18Z,-33.64680000,146.91595000,1402.00,,,,,,
2319,2017-01-04T05:22:23Z,-33.64716667,146.91608333,1409.00,,,,,,
2320,2017-01-04T05:22:28Z,-33.64688333,146.91655000,1411.00,,,,,,
2321,2017-01-04T05:22:33Z,-33.64630000,146.91663333,1410.00,,,,,,
2322,2017-01-04T05:22:38Z,-33.64568333,146.91616667,1419.00,,,,,,
2323,2017-01-04T05:22:43Z,-33.64543333,146.91521667,1434.00,,,,,,
2324,2017-01-04T05:22:48Z,-33.64578333,146.91448333,1438.00,,,,,,
2325,2017-01-04T05:22:53Z,-33.64640000,146.91408333,1446.00,,,,,,
2326,2017-01-04T05:22:58Z,-33.64680000,146.91433333,1450.00,,,,,,
2327,2017-01-04T05:23:03Z,-33.64676667,146.91480000,1455.00,,,,,,
2328,2017-01-04T05:23:08Z,-33.64621667,146.91493333,1456.00,,,,,,
2329,2017-01-04T05:23:13Z,-33.64551667,146.91461667,1462.00,,,,,,
2330,2017-01-04T05:23:18Z,-33.64513333,146.91380000,1459.00,,,,,,
2331,2017-01-04T05:23:23Z,-33.64511667,146.91271667,1469.00,,,,,,
2332,2017-01-04T05:23:28Z,-33.64533333,146.91171667,1477.00,,,,,,
2333,2017-01-04T05:23:33Z,-33.64583333,146.91101667,1481.00,,,,,,
2334,2017-01-04T05:23:38Z,-33.64635000,146.91101667,1487.00,,,,,,
2335,2017-01-04T05:23:43Z,-33.64631667,146.91148333,1499.00,,,,,,
2336,2017-01-04T05:23:48Z,-33.64581667,146.91156667,1509.00,,,,,,
2337,2017-01-04T05:23:53Z,-33.64525000,146.91100000,1518.00,,,,,,
2338,2017-01-04T05:23:58Z,-33.64516667,146.90995000,1528.00,,,,,,
2339,2017-01-04T05:24:03Z,-33.64556667,146.90903333,1532.00,,,,,,
2340,2017-01-04T05:24:08Z,-33.64615000,146.90846667,1543.00,,,,,,
2341,2017-01-04T05:24:13Z,-33.64678333,146.90806667,1553.00,,,,,,
2342,2017-01-04T05:24:18Z,-33.64743333,146.90788333,1575.00,,,,,,
2343,2017-01-04T05:24:23Z,-33.64781667,146.90823333,1593.00,,,,,,
2344,2017-01-04T05:24:28Z,-33.64745000,146.90845000,1605.00,,,,,,
2345,2017-01-04T05:24:33Z,-33.64706667,146.90770000,1615.00,,,,,,
2346,2017-01-04T05:24:38Z,-33.64735000,146.90678333,1637.00,,,,,,
2347,2017-01-04T05:24:43Z,-33.64793333,146.90635000,1654.00,,,,,,
2348,2017-01-04T05:24:48Z,-33.64826667,146.90671667,1669.00,,,,,,
2349,2017-01-04T05:24:53Z,-33.64780000,146.90688333,1684.00,,,,,,
2350,2017-01-04T05:24:58Z,-33.64735000,146.90615000,1697.00,,,,,,
2351,2017-01-04T05:25:03Z,-33.64756667,146.90530000,1717.00,,,,,,
2352,2017-01-04T05:25:08Z,-33.64811667,146.90486667,1726.00,,,,,,
2353,2017-01-04T05:25:13Z,-33.64858333,146.90503333,1743.00,,,,,,
2354,2017-01-04T05:25:18Z,-33.64871667,146.90546667,1752.00,,,,,,
2355,2017-01-04T05:25:23Z,-33.64836667,146.90580000,1740.00,,,,,,
2356,2017-01-04T05:25:28Z,-33.64770000,146.90536667,1753.00,,,,,,
2357,2017-01-04T05:25:33Z,-33.64733333,146.90450000,1765.00,,,,,,
2358,2017-01-04T05:25:38Z,-33.64718333,146.90351667,1779.00,,,,,,
2359,2017-01-04T05:25:43Z,-33.64758333,146.90275000,1789.00,,,,,,
2360,2017-01-04T05:25:48Z,-33.64811667,146.90288333,1806.00,,,,,,
2361,2017-01-04T05:25:53Z,-33.64796667,146.90330000,1813.00,,,,,,
2362,2017-01-04T05:25:58Z,-33.64743333,146.90348333,1830.00,,,,,,
2363,2017-01-04T05:26:03Z,-33.64686667,146.90308333,1837.00,,,,,,
2364,2017-01-04T05:26:08Z,-33.64656667,146.90225000,1854.00,,,,,,
2365,2017-01-04T05:26:13Z,-33.64685000,146.90136667,1867.00,,,,,,
2366,2017-01-04T05:26:18Z,-33.64743333,146.90083333,1882.00,,,,,,
2367,2017-01-04T05:26:23Z,-33.64796667,146.90038333,1892.00,,,,,,
2368,2017-01-04T05:26:28Z,-33.64863333,146.90033333,1906.00,,,,,,
2369,2017-01-04T05:26:33Z,-33.64903333,146.90085000,1914.00,,,,,,
2370,2017-01-04T05:26:38Z,-33.64861667,146.90126667,1930.00,,,,,,
2371,2017-01-04T05:26:43Z,-33.64796667,146.90126667,1931.00,,,,,,
2372,2017-01-04T05:26:48Z,-33.64730000,146.90073333,1937.00,,,,,,
2373,2017-01-04T05:26:53Z,-33.64691667,146.89985000,1944.00,,,,,,
2374,2017-01-04T05:26:58Z,-33.64686667,146.89881667,1956.00,,,,,,
2375,2017-01-04T05:27:03Z,-33.64711667,146.89803333,1975.00,,,,,,
2376,2017-01-04T05:27:08Z,-33.64745000,146.89831667,1985.00,,,,,,
2377,2017-01-04T05:27:13Z,-33.64701667,146.89863333,1996.00,,,,,,
2378,2017-01-04T05:27:18Z,-33.64633333,146.89830000,2007.00,,,,,,
2379,2017-01-04T05:27:23Z,-33.64600000,146.89733333,2018.00,,,,,,
2380,2017-01-04T05:27:28Z,-33.64640000,146.89663333,2029.00,,,,,,
2381,2017-01-04T05:27:33Z,-33.64698333,146.89648333,2046.00,,,,,,
2382,2017-01-04T05:27:38Z,-33.64718333,146.89683333,2059.00,,,,,,
2383,2017-01-04T05:27:43Z,-33.64685000,146.89716667,2062.00,,,,,,
2384,2017-01-04T05:27:48Z,-33.64621667,146.89686667,2066.00,,,,,,
2385,2017-01-04T05:27:53Z,-33.64596667,146.89586667,2066.00,,,,,,
2386,2017-01-04T05:27:58Z,-33.64628333,146.89491667,2088.00,,,,,,
2387,2017-01-04T05:28:03Z,-33.64678333,146.89446667,2090.00,,,,,,
2388,2017-01-04T05:28:08Z,-33.64731667,146.89468333,2100.00,,,,,,
2389,2017-01-04T05:28:13Z,-33.64736667,146.89525000,2118.00,,,,,,
2390,2017-01-04T05:28:18Z,-33.64693333,146.89558333,2121.00,,,,,,
2391,2017-01-04T05:28:23Z,-33.64626667,146.89528333,2122.00,,,,,,
2392,2017-01-04T05:28:28Z,-33.64606667,146.89420000,2118.00,,,,,,
2393,2017-01-04T05:28:33Z,-33.64638333,146.89321667,2132.00,,,,,,
2394,2017-01-04T05:28:38Z,-33.64685000,146.89245000,2134.00,,,,,,
2395,2017-01-04T05:28:43Z,-33.64745000,146.89188333,2144.00,,,,,,
2396,2017-01-04T05:28:48Z,-33.64801667,146.89141667,2151.00,,,,,,
2397,2017-01-04T05:28:53Z,-33.64858333,146.89101667,2157.00,,,,,,
2398,2017-01-04T05:28:58Z,-33.64920000,146.89066667,2144.00,,,,,,
2399,2017-01-04T05:29:03Z,-33.64988333,146.89026667,2142.00,,,,,,
2400,2017-01-04T05:29:08Z,-33.65053333,146.88985000,2159.00,,,,,,
2401,2017-01-04T05:29:13Z,-33.65108333,146.88935000,2159.00,,,,,,
2402,2017-01-04T05:29:18Z,-33.65175000,146.88880000,2166.00,,,,,,
2403,2017-01-04T05:29:23Z,-33.65231667,146.88816667,2173.00,,,,,,
2404,2017-01-04T05:29:28Z,-33.65296667,146.88780000,2183.00,,,,,,
2405,2017-01-04T05:29:33Z,-33.65323333,146.88811667,2181.00,,,,,,
2406,2017-01-04T05:29:38Z,-33.65271667,146.88821667,2183.00,,,,,,
2407,2017-01-04T05:29:43Z,-33.65216667,146.88760000,2183.00,,,,,,
2408,2017-01-04T05:29:48Z,-33.65191667,146.88665000,2192.00,,,,,,
2409,2017-01-04T05:29:53Z,-33.65190000,146.88565000,2199.00,,,,,,
2410,2017-01-04T05:29:58Z,-33.65200000,146.88463333,2199.00,,,,,,
2411,2017-01-04T05:30:03Z,-33.65233333,146.88368333,2208.00,,,,,,
2412,2017-01-04T05:30:08Z,-33.65283333,146.88285000,2212.00,,,,,,
2413,2017-01-04T05:30:13Z,-33.65355000,146.88276667,2212.00,,,,,,
2414,2017-01-04T05:30:18Z,-33.65365000,146.88328333,2214.00,,,,,,
2415,2017-01-04T05:30:23Z,-33.65316667,146.88353333,2217.00,,,,,,
2416,2017-01-04T05:30:28Z,-33.65258333,146.88305000,2234.00,,,,,,
2417,2017-01-04T05:30:33Z,-33.65258333,146.88211667,2233.00,,,,,,
2418,2017-01-04T05:30:38Z,-33.65325000,146.88163333,2239.00,,,,,,
2419,2017-01-04T05:30:43Z,-33.65386667,146.88185000,2246.00,,,,,,
2420,2017-01-04T05:30:48Z,-33.65406667,146.88231667,2253.00,,,,,,
2421,2017-01-04T05:30:53Z,-33.65375000,146.88258333,2248.00,,,,,,
2422,2017-01-04T05:30:58Z,-33.65321667,146.88191667,2261.00,,,,,,
2423,2017-01-04T05:31:03Z,-33.65323333,146.88090000,2267.00,,,,,,
2424,2017-01-04T05:31:08Z,-33.65343333,146.87991667,2273.00,,,,,,
2425,2017-01-04T05:31:13Z,-33.65378333,146.87886667,2267.00,,,,,,
2426,2017-01-04T05:31:18Z,-33.65423333,146.87773333,2272.00,,,,,,
2427,2017-01-04T05:31:23Z,-33.65461667,146.87655000,2275.00,,,,,,
2428,2017-01-04T05:31:28Z,-33.65496667,146.87533333,2261.00,,,,,,
2429,2017-01-04T05:31:33Z,-33.65516667,146.87401667,2237.00,,,,,,
2430,2017-01-04T05:31:38Z,-33.65488333,146.87263333,2217.00,,,,,,
2431,2017-01-04T05:31:43Z,-33.65440000,146.87151667,2210.00,,,,,,
2432,2017-01-04T05:31:48Z,-33.65395000,146.87033333,2195.00,,,,,,
2433,2017-01-04T05:31:53Z,-33.65371667,146.86911667,2198.00,,,,,,
2434,2017-01-04T05:31:58Z,-33.65355000,146.86781667,2186.00,,,,,,
2435,2017-01-04T05:32:03Z,-33.65345000,146.86660000,2187.00,,,,,,
2436,2017-01-04T05:32:08Z,-33.65340000,146.86533333,2177.00,,,,,,
2437,2017-01-04T05:32:13Z,-33.65336667,146.86408333,2175.00,,,,,,
2438,2017-01-04T05:32:18Z,-33.65328333,146.86295000,2168.00,,,,,,
2439,2017-01-04T05:32:23Z,-33.65315000,146.86178333,2166.00,,,,,,
2440,2017-01-04T05:32:28Z,-33.65313333,146.86058333,2159.00,,,,,,
2441,2017-01-04T05:32:33Z,-33.65330000,146.85946667,2167.00,,,,,,
2442,2017-01-04T05:32:38Z,-33.65355000,146.85850000,2164.00,,,,,,
2443,2017-01-04T05:32:43Z,-33.65386667,146.85741667,2158.00,,,,,,
2444,2017-01-04T05:32:48Z,-33.65410000,146.85635000,2154.00,,,,,,
2445,2017-01-04T05:32:53Z,-33.65453333,146.85533333,2140.00,,,,,,
2446,2017-01-04T05:32:58Z,-33.65495000,146.85425000,2133.00,,,,,,
2447,2017-01-04T05:33:03Z,-33.65518333,146.85310000,2119.00,,,,,,
2448,2017-01-04T05:33:08Z,-33.65538333,146.85186667,2107.00,,,,,,
2449,2017-01-04T05:33:13Z,-33.65553333,146.85071667,2094.00,,,,,,
2450,2017-01-04T05:33:18Z,-33.65555000,146.84955000,2097.00,,,,,,
2451,2017-01-04T05:33:23Z,-33.65558333,146.84840000,2079.00,,,,,,
2452,2017-01-04T05:33:28Z,-33.65558333,146.84706667,2074.00,,,,,,
2453,2017-01-04T05:33:33Z,-33.65561667,146.84586667,2072.00,,,,,,
2454,2017-01-04T05:33:38Z,-33.65573333,146.84473333,2076.00,,,,,,
2455,2017-01-04T05:33:43Z,-33.65601667,146.84351667,2072.00,,,,,,
2456,2017-01-04T05:33:48Z,-33.65623333,146.84226667,2074.00,,,,,,
2457,2017-01-04T05:33:53Z,-33.65638333,146.84096667,2074.00,,,,,,
2458,2017-01-04T05:33:58Z,-33.65653333,146.83976667,2069.00,,,,,,
2459,2017-01-04T05:34:03Z,-33.65675000,146.83848333,2065.00,,,,,,
2460,2017-01-04T05:34:08Z,-33.65696667,146.83725000,2063.00,,,,,,
2461,2017-01-04T05:34:13Z,-33.65715000,146.83603333,2057.00,,,,,,
2462,2017-01-04T05:34:18Z,-33.65733333,146.83473333,2047.00,,,,,,
2463,2017-01-04T05:34:23Z,-33.65755000,146.83345000,2051.00,,,,,,
2464,2017-01-04T05:34:28Z,-33.65788333,146.83223333,2040.00,,,,,,
2465,2017-01-04T05:34:33Z,-33.65813333,146.83091667,2031.00,,,,,,
2466,2017-01-04T05:34:38Z,-33.65835000,146.82968333,2023.00,,,,,,
2467,2017-01-04T05:34:43Z,-33.65853333,146.82850000,2013.00,,,,,,
2468,2017-01-04T05:34:48Z,-33.65866667,146.82728333,1999.00,,,,,,
2469,2017-01-04T05:34:53Z,-33.65878333,146.82608333,1992.00,,,,,,
2470,2017-01-04T05:34:58Z,-33.65891667,146.82486667,1973.00,,,,,,
2471,2017-01-04T05:35:03Z,-33.65901667,146.82361667,1964.00,,,,,,
2472,2017-01-04T05:35:08Z,-33.65905000,146.82243333,1959.00,,,,,,
2473,2017-01-04T05:35:13Z,-33.65908333,146.82121667,1958.00,,,,,,
2474,2017-01-04T05:35:18Z,-33.65918333,146.82008333,1952.00,,,,,,
2475,2017-01-04T05:35:23Z,-33.65931667,146.81883333,1947.00,,,,,,
2476,2017-01-04T05:35:28Z,-33.65950000,146.81768333,1943.00,,,,,,
2477,2017-01-04T05:35:33Z,-33.65970000,146.81653333,1935.00,,,,,,
2478,2017-01-04T05:35:38Z,-33.65991667,146.81543333,1926.00,,,,,,
2479,2017-01-04T05:35:43Z,-33.66010000,146.81433333,1916.00,,,,,,
2480,2017-01-04T05:35:48Z,-33.66020000,146.81313333,1903.00,,,,,,
2481,2017-01-04T05:35:53Z,-33.66023333,146.81181667,1892.00,,,,,,
2482,2017-01-04T05:35:58Z,-33.66025000,146.81055000,1890.00,,,,,,
2483,2017-01-04T05:36:03Z,-33.66030000,146.80935000,1881.00,,,,,,
2484,2017-01-04T05:36:08Z,-33.66030000,146.80805000,1870.00,,,,,,
2485,2017-01-04T05:36:13Z,-33.66031667,146.80676667,1866.00,,,,,,
2486,2017-01-04T05:36:18Z,-33.66031667,146.80556667,1853.00,,,,,,
2487,2017-01-04T05:36:23Z,-33.66025000,146.80455000,1846.00,,,,,,
2488,2017-01-04T05:36:28Z,-33.66016667,146.80308333,1832.00,,,,,,
2489,2017-01-04T05:36:33Z,-33.66010000,146.80176667,1818.00,,,,,,
2490,2017-01-04T05:36:38Z,-33.66008333,146.80050000,1810.00,,,,,,
2491,2017-01-04T05:36:43Z,-33.66018333,146.79923333,1801.00,,,,,,
2492,2017-01-04T05:36:48Z,-33.66025000,146.79805000,1799.00,,,,,,
2493,2017-01-04T05:36:53Z,-33.66031667,146.79688333,1792.00,,,,,,
2494,2017-01-04T05:36:58Z,-33.66040000,146.79573333,1785.00,,,,,,
2495,2017-01-04T05:37:03Z,-33.66038333,146.79453333,1777.00,,,,,,
2496,2017-01-04T05:37:08Z,-33.66041667,146.79333333,1771.00,,,,,,
2497,2017-01-04T05:37:13Z,-33.66046667,146.79215000,1761.00,,,,,,
2498,2017-01-04T05:37:18Z,-33.66048333,146.79095000,1757.00,,,,,,
2499,2017-01-04T05:37:23Z,-33.66055000,146.78975000,1745.00,,,,,,
2500,2017-01-04T05:37:28Z,-33.66060000,146.78855000,1735.00,,,,,,
2501,2017-01-04T05:37:33Z,-33.66070000,146.78733333,1721.00,,,,,,
2502,2017-01-04T05:37:38Z,-33.66085000,146.78601667,1698.00,,,,,,
2503,2017-01-04T05:37:43Z,-33.66111667,146.78473333,1701.00,,,,,,
2504,2017-01-04T05:37:48Z,-33.66125000,146.78346667,1682.00,,,,,,
2505,2017-01-04T05:37:53Z,-33.66133333,146.78221667,1676.00,,,,,,
2506,2017-01-04T05:37:58Z,-33.66128333,146.78100000,1668.00,,,,,,
2507,2017-01-04T05:38:03Z,-33.66116667,146.77983333,1661.00,,,,,,
2508,2017-01-04T05:38:08Z,-33.66113333,146.77866667,1662.00,,,,,,
2509,2017-01-04T05:38:13Z,-33.66111667,146.77743333,1650.00,,,,,,
2510,2017-01-04T05:38:18Z,-33.66105000,146.77625000,1642.00,,,,,,
2511,2017-01-04T05:38:23Z,-33.66098333,146.77510000,1632.00,,,,,,
2512,2017-01-04T05:38:28Z,-33.66095000,146.77395000,1615.00,,,,,,
2513,2017-01-04T05:38:33Z,-33.66100000,146.77280000,1605.00,,,,,,
2514,2017-01-04T05:38:38Z,-33.66096667,146.77173333,1593.00,,,,,,
2515,2017-01-04T05:38:43Z,-33.66080000,146.77068333,1587.00,,,,,,
2516,2017-01-04T05:38:48Z,-33.66046667,146.76976667,1578.00,,,,,,
2517,2017-01-04T05:38:53Z,-33.66011667,146.76876667,1571.00,,,,,,
2518,2017-01-04T05:38:58Z,-33.66000000,146.76763333,1557.00,,,,,,
2519,2017-01-04T05:39:03Z,-33.66000000,146.76640000,1551.00,,,,,,
2520,2017-01-04T05:39:08Z,-33.65996667,146.76523333,1536.00,,,,,,
2521,2017-01-04T05:39:13Z,-33.65990000,146.76401667,1540.00,,,,,,
2522,2017-01-04T05:39:18Z,-33.65983333,146.76298333,1536.00,,,,,,
2523,2017-01-04T05:39:23Z,-33.65980000,146.76190000,1530.00,,,,,,
2524,2017-01-04T05:39:28Z,-33.65970000,146.76078333,1519.00,,,,,,
2525,2017-01-04T05:39:33Z,-33.65958333,146.75963333,1513.00,,,,,,
2526,2017-01-04T05:39:38Z,-33.65958333,146.75848333,1496.00,,,,,,
2527,2017-01-04T05:39:43Z,-33.65963333,146.75728333,1487.00,,,,,,
2528,2017-01-04T05:39:48Z,-33.65971667,146.75623333,1472.00,,,,,,
2529,2017-01-04T05:39:53Z,-33.65981667,146.75515000,1460.00,,,,,,
2530,2017-01-04T05:39:58Z,-33.65993333,146.75406667,1449.00,,,,,,
2531,2017-01-04T05:40:03Z,-33.65996667,146.75296667,1429.00,,,,,,
2532,2017-01-04T05:40:08Z,-33.65976667,146.75186667,1431.00,,,,,,
2533,2017-01-04T05:40:13Z,-33.65970000,146.75088333,1421.00,,,,,,
2534,2017-01-04T05:40:18Z,-33.65973333,146.74980000,1412.00,,,,,,
2535,2017-01-04T05:40:23Z,-33.65975000,146.74868333,1403.00,,,,,,
2536,2017-01-04T05:40:28Z,-33.65961667,146.74763333,1394.00,,,,,,
2537,2017-01-04T05:40:33Z,-33.65926667,146.74666667,1384.00,,,,,,
2538,2017-01-04T05:40:38Z,-33.65885000,146.74571667,1372.00,,,,,,
2539,2017-01-04T05:40:43Z,-33.65853333,146.74438333,1363.00,,,,,,
2540,2017-01-04T05:40:48Z,-33.65838333,146.74325000,1349.00,,,,,,
2541,2017-01-04T05:40:53Z,-33.65823333,146.74211667,1343.00,,,,,,
2542,2017-01-04T05:40:58Z,-33.65803333,146.74096667,1333.00,,,,,,
2543,2017-01-04T05:41:03Z,-33.65775000,146.73985000,1328.00,,,,,,
2544,2017-01-04T05:41:08Z,-33.65745000,146.73866667,1318.00,,,,,,
2545,2017-01-04T05:41:13Z,-33.65721667,146.73755000,1313.00,,,,,,
2546,2017-01-04T05:41:18Z,-33.65696667,146.73638333,1297.00,,,,,,
2547,2017-01-04T05:41:23Z,-33.65653333,146.73533333,1282.00,,,,,,
2548,2017-01-04T05:41:28Z,-33.65610000,146.73423333,1273.00,,,,,,
2549,2017-01-04T05:41:33Z,-33.65580000,146.73315000,1267.00,,,,,,
2550,2017-01-04T05:41:38Z,-33.65548333,146.73206667,1253.00,,,,,,
2551,2017-01-04T05:41:43Z,-33.65513333,146.73096667,1247.00,,,,,,
2552,2017-01-04T05:41:48Z,-33.65486667,146.72986667,1236.00,,,,,,
2553,2017-01-04T05:41:53Z,-33.65461667,146.72891667,1220.00,,,,,,
2554,2017-01-04T05:41:58Z,-33.65411667,146.72783333,1223.00,,,,,,
2555,2017-01-04T05:42:03Z,-33.65361667,146.72660000,1214.00,,,,,,
2556,2017-01-04T05:42:08Z,-33.65333333,146.72545000,1213.00,,,,,,
2557,2017-01-04T05:42:13Z,-33.65310000,146.72431667,1213.00,,,,,,
2558,2017-01-04T05:42:18Z,-33.65290000,146.72316667,1215.00,,,,,,
2559,2017-01-04T05:42:23Z,-33.65266667,146.72198333,1216.00,,,,,,
2560,2017-01-04T05:42:28Z,-33.65248333,146.72081667,1216.00,,,,,,
2561,2017-01-04T05:42:33Z,-33.65231667,146.71965000,1222.00,,,,,,
2562,2017-01-04T05:42:38Z,-33.65215000,146.71851667,1221.00,,,,,,
2563,2017-01-04T05:42:43Z,-33.65200000,146.71728333,1222.00,,,,,,
2564,2017-01-04T05:42:48Z,-33.65185000,146.71610000,1223.00,,,,,,
2565,2017-01-04T05:42:53Z,-33.65163333,146.71495000,1220.00,,,,,,
2566,2017-01-04T05:42:58Z,-33.65138333,146.71380000,1214.00,,,,,,
2567,2017-01-04T05:43:03Z,-33.65105000,146.71266667,1210.00,,,,,,
2568,2017-01-04T05:43:08Z,-33.65063333,146.71153333,1201.00,,,,,,
2569,2017-01-04T05:43:13Z,-33.65006667,146.71046667,1197.00,,,,,,
2570,2017-01-04T05:43:18Z,-33.64948333,146.70946667,1193.00,,,,,,
2571,2017-01-04T05:43:23Z,-33.64911667,146.70828333,1184.00,,,,,,
2572,2017-01-04T05:43:28Z,-33.64890000,146.70701667,1177.00,,,,,,
2573,2017-01-04T05:43:33Z,-33.64880000,146.70576667,1164.00,,,,,,
2574,2017-01-04T05:43:38Z,-33.64871667,146.70446667,1154.00,,,,,,
2575,2017-01-04T05:43:43Z,-33.64861667,146.70308333,1141.00,,,,,,
2576,2017-01-04T05:43:49Z,-33.64860000,146.70176667,1135.00,,,,,,
2577,2017-01-04T05:43:54Z,-33.64855000,146.70040000,1126.00,,,,,,
2578,2017-01-04T05:43:59Z,-33.64840000,146.69906667,1118.00,,,,,,
2579,2017-01-04T05:44:04Z,-33.64820000,146.69775000,1109.00,,,,,,
2580,2017-01-04T05:44:09Z,-33.64798333,146.69643333,1098.00,,,,,,
2581,2017-01-04T05:44:14Z,-33.64755000,146.69515000,1097.00,,,,,,
2582,2017-01-04T05:44:19Z,-33.64716667,146.69395000,1090.00,,,,,,
2583,2017-01-04T05:44:24Z,-33.64670000,146.69276667,1090.00,,,,,,
2584,2017-01-04T05:44:29Z,-33.64633333,146.69163333,1084.00,,,,,,
2585,2017-01-04T05:44:34Z,-33.64598333,146.69046667,1079.00,,,,,,
2586,2017-01-04T05:44:39Z,-33.64563333,146.68925000,1066.00,,,,,,
2587,2017-01-04T05:44:44Z,-33.64523333,146.68806667,1062.00,,,,,,
2588,2017-01-04T05:44:49Z,-33.64495000,146.68691667,1051.00,,,,,,
2589,2017-01-04T05:44:54Z,-33.64476667,146.68563333,1041.00,,,,,,
2590,2017-01-04T05:44:59Z,-33.64461667,146.68438333,1030.00,,,,,,
2591,2017-01-04T05:45:04Z,-33.64443333,146.68316667,1011.00,,,,,,
2592,2017-01-04T05:45:09Z,-33.64411667,146.68205000,997.00,,,,,,
2593,2017-01-04T05:45:14Z,-33.64380000,146.68093333,982.00,,,,,,
2594,2017-01-04T05:45:19Z,-33.64346667,146.67976667,966.00,,,,,,
2595,2017-01-04T05:45:24Z,-33.64311667,146.67860000,950.00,,,,,,
2596,2017-01-04T05:45:29Z,-33.64265000,146.67765000,950.00,,,,,,
2597,2017-01-04T05:45:34Z,-33.64221667,146.67671667,938.00,,,,,,
2598,2017-01-04T05:45:39Z,-33.64171667,146.67581667,930.00,,,,,,
2599,2017-01-04T05:45:44Z,-33.64125000,146.67490000,915.00,,,,,,
2600,2017-01-04T05:45:49Z,-33.64080000,146.67395000,900.00,,,,,,
2601,2017-01-04T05:45:54Z,-33.64033333,146.67303333,885.00,,,,,,
2602,2017-01-04T05:45:59Z,-33.63991667,146.67201667,876.00,,,,,,
2603,2017-01-04T05:46:04Z,-33.63961667,146.67090000,865.00,,,,,,
2604,2017-01-04T05:46:09Z,-33.63931667,146.66976667,860.00,,,,,,
2605,2017-01-04T05:46:14Z,-33.63908333,146.66865000,852.00,,,,,,
2606,2017-01-04T05:46:19Z,-33.63885000,146.66753333,849.00,,,,,,
2607,2017-01-04T05:46:24Z,-33.63860000,146.66643333,839.00,,,,,,
2608,2017-01-04T05:46:29Z,-33.63833333,146.66535000,826.00,,,,,,
2609,2017-01-04T05:46:34Z,-33.63806667,146.66421667,816.00,,,,,,
2610,2017-01-04T05:46:39Z,-33.63790000,146.66301667,807.00,,,,,,
2611,2017-01-04T05:46:44Z,-33.63773333,146.66181667,803.00,,,,,,
2612,2017-01-04T05:46:49Z,-33.63751667,146.66065000,800.00,,,,,,
2613,2017-01-04T05:46:54Z,-33.63735000,146.65943333,787.00,,,,,,
2614,2017-01-04T05:46:59Z,-33.63720000,146.65818333,781.00,,,,,,
2615,2017-01-04T05:47:04Z,-33.63713333,146.65691667,772.00,,,,,,
2616,2017-01-04T05:47:09Z,-33.63705000,146.65565000,775.00,,,,,,
2617,2017-01-04T05:47:14Z,-33.63691667,146.65443333,772.00,,,,,,
2618,2017-01-04T05:47:19Z,-33.63683333,146.65333333,780.00,,,,,,
2619,2017-01-04T05:47:24Z,-33.63678333,146.65226667,770.00,,,,,,
2620,2017-01-04T05:47:29Z,-33.63675000,146.65108333,765.00,,,,,,
2621,2017-01-04T05:47:34Z,-33.63671667,146.64991667,757.00,,,,,,
2622,2017-01-04T05:47:39Z,-33.63660000,146.64875000,740.00,,,,,,
2623,2017-01-04T05:47:44Z,-33.63643333,146.64758333,730.00,,,,,,
2624,2017-01-04T05:47:49Z,-33.63626667,146.64640000,717.00,,,,,,
2625,2017-01-04T05:47:54Z,-33.63613333,146.64530000,720.00,,,,,,
2626,2017-01-04T05:47:59Z,-33.63613333,146.64425000,706.00,,,,,,
2627,2017-01-04T05:48:04Z,-33.63595000,146.64316667,692.00,,,,,,
2628,2017-01-04T05:48:09Z,-33.63576667,146.64206667,677.00,,,,,,
2629,2017-01-04T05:48:14Z,-33.63570000,146.64098333,663.00,,,,,,
2630,2017-01-04T05:48:19Z,-33.63571667,146.63990000,650.00,,,,,,
2631,2017-01-04T05:48:24Z,-33.63576667,146.63886667,635.00,,,,,,
2632,2017-01-04T05:48:29Z,-33.63575000,146.63778333,621.00,,,,,,
2633,2017-01-04T05:48:34Z,-33.63568333,146.63680000,612.00,,,,,,
2634,2017-01-04T05:48:39Z,-33.63556667,146.63576667,599.00,,,,,,
2635,2017-01-04T05:48:44Z,-33.63558333,146.63468333,585.00,,,,,,
2636,2017-01-04T05:48:49Z,-33.63560000,146.63353333,572.00,,,,,,
2637,2017-01-04T05:48:54Z,-33.63565000,146.63236667,559.00,,,,,,
2638,2017-01-04T05:48:59Z,-33.63571667,146.63120000,549.00,,,,,,
2639,2017-01-04T05:49:04Z,-33.63576667,146.62998333,537.00,,,,,,
2640,2017-01-04T05:49:09Z,-33.63573333,146.62876667,532.00,,,,,,
2641,2017-01-04T05:49:14Z,-33.63566667,146.62761667,532.00,,,,,,
2642,2017-01-04T05:49:19Z,-33.63545000,146.62641667,530.00,,,,,,
2643,2017-01-04T05:49:24Z,-33.63518333,146.62520000,531.00,,,,,,
2644,2017-01-04T05:49:29Z,-33.63490000,146.62398333,530.00,,,,,,
2645,2017-01-04T05:49:34Z,-33.63470000,146.62281667,526.00,,,,,,
2646,2017-01-04T05:49:39Z,-33.63471667,146.62165000,521.00,,,,,,
2647,2017-01-04T05:49:44Z,-33.63486667,146.62041667,518.00,,,,,,
2648,2017-01-04T05:49:49Z,-33.63500000,146.61923333,529.00,,,,,,
2649,2017-01-04T05:49:54Z,-33.63520000,146.61833333,540.00,,,,,,
2650,2017-01-04T05:49:59Z,-33.63563333,146.61805000,537.00,,,,,,
2651,2017-01-04T05:50:04Z,-33.63563333,146.61850000,531.00,,,,,,
2652,2017-01-04T05:50:09Z,-33.63523333,146.61903333,535.00,,,,,,
2653,2017-01-04T05:50:14Z,-33.63468333,146.61946667,541.00,,,,,,
2654,2017-01-04T05:50:19Z,-33.63425000,146.61966667,552.00,,,,,,
2655,2017-01-04T05:50:24Z,-33.63421667,146.62005000,554.00,,,,,,
2656,2017-01-04T05:50:29Z,-33.63471667,146.62005000,554.00,,,,,,
2657,2017-01-04T05:50:34Z,-33.63523333,146.61971667,561.00,,,,,,
2658,2017-01-04T05:50:39Z,-33.63573333,146.61903333,571.00,,,,,,
2659,2017-01-04T05:50:44Z,-33.63581667,146.61808333,575.00,,,,,,
2660,2017-01-04T05:50:49Z,-33.63538333,146.61720000,576.00,,,,,,
2661,2017-01-04T05:50:54Z,-33.63480000,146.61726667,585.00,,,,,,
2662,2017-01-04T05:50:59Z,-33.63460000,146.61776667,591.00,,,,,,
2663,2017-01-04T05:51:04Z,-33.63463333,146.61821667,599.00,,,,,,
2664,2017-01-04T05:51:09Z,-33.63513333,146.61836667,599.00,,,,,,
2665,2017-01-04T05:51:14Z,-33.63575000,146.61810000,611.00,,,,,,
2666,2017-01-04T05:51:19Z,-33.63596667,146.61711667,612.00,,,,,,
2667,2017-01-04T05:51:24Z,-33.63543333,146.61630000,621.00,,,,,,
2668,2017-01-04T05:51:29Z,-33.63490000,146.61628333,624.00,,,,,,
2669,2017-01-04T05:51:34Z,-33.63481667,146.61661667,640.00,,,,,,
2670,2017-01-04T05:51:39Z,-33.63511667,146.61691667,646.00,,,,,,
2671,2017-01-04T05:51:44Z,-33.63565000,146.61650000,649.00,,,,,,
2672,2017-01-04T05:51:49Z,-33.63598333,146.61535000,651.00,,,,,,
2673,2017-01-04T05:51:54Z,-33.63573333,146.61416667,650.00,,,,,,
2674,2017-01-04T05:51:59Z,-33.63505000,146.61385000,656.00,,,,,,
2675,2017-01-04T05:52:04Z,-33.63475000,146.61408333,661.00,,,,,,
2676,2017-01-04T05:52:09Z,-33.63463333,146.61450000,664.00,,,,,,
2677,2017-01-04T05:52:14Z,-33.63455000,146.61491667,675.00,,,,,,
2678,2017-01-04T05:52:19Z,-33.63456667,146.61525000,684.00,,,,,,
2679,2017-01-04T05:52:24Z,-33.63501667,146.61511667,695.00,,,,,,
2680,2017-01-04T05:52:29Z,-33.63480000,146.61411667,706.00,,,,,,
2681,2017-01-04T05:52:34Z,-33.63416667,146.61426667,720.00,,,,,,
2682,2017-01-04T05:52:39Z,-33.63458333,146.61430000,731.00,,,,,,
2683,2017-01-04T05:52:44Z,-33.63451667,146.61325000,745.00,,,,,,
2684,2017-01-04T05:52:49Z,-33.63376667,146.61295000,757.00,,,,,,
2685,2017-01-04T05:52:54Z,-33.63353333,146.61326667,767.00,,,,,,
2686,2017-01-04T05:52:59Z,-33.63375000,146.61350000,766.00,,,,,,
2687,2017-01-04T05:53:04Z,-33.63430000,146.61326667,780.00,,,,,,
2688,2017-01-04T05:53:09Z,-33.63478333,146.61245000,779.00,,,,,,
2689,2017-01-04T05:53:14Z,-33.63458333,146.61135000,777.00,,,,,,
2690,2017-01-04T05:53:19Z,-33.63395000,146.61136667,783.00,,,,,,
2691,2017-01-04T05:53:24Z,-33.63390000,146.61183333,801.00,,,,,,
2692,2017-01-04T05:53:29Z,-33.63428333,146.61165000,795.00,,,,,,
2693,2017-01-04T05:53:34Z,-33.63401667,146.61071667,791.00,,,,,,
2694,2017-01-04T05:53:39Z,-33.63350000,146.61095000,801.00,,,,,,
2695,2017-01-04T05:53:44Z,-33.63331667,146.61133333,811.00,,,,,,
2696,2017-01-04T05:53:49Z,-33.63325000,146.61170000,820.00,,,,,,
2697,2017-01-04T05:53:54Z,-33.63348333,146.61191667,821.00,,,,,,
2698,2017-01-04T05:53:59Z,-33.63395000,146.61158333,817.00,,,,,,
2699,2017-01-04T05:54:04Z,-33.63438333,146.61080000,806.00,,,,,,
2700,2017-01-04T05:54:09Z,-33.63435000,146.60966667,800.00,,,,,,
2701,2017-01-04T05:54:14Z,-33.63380000,146.60876667,792.00,,,,,,
2702,2017-01-04T05:54:19Z,-33.63325000,146.60875000,789.00,,,,,,
2703,2017-01-04T05:54:24Z,-33.63331667,146.60913333,787.00,,,,,,
2704,2017-01-04T05:54:29Z,-33.63335000,146.60950000,782.00,,,,,,
2705,2017-01-04T05:54:34Z,-33.63355000,146.60980000,776.00,,,,,,
2706,2017-01-04T05:54:39Z,-33.63405000,146.60958333,762.00,,,,,,
2707,2017-01-04T05:54:44Z,-33.63441667,146.60866667,759.00,,,,,,
2708,2017-01-04T05:54:49Z,-33.63431667,146.60745000,758.00,,,,,,
2709,2017-01-04T05:54:54Z,-33.63405000,146.60621667,755.00,,,,,,
2710,2017-01-04T05:54:59Z,-33.63373333,146.60505000,752.00,,,,,,
2711,2017-01-04T05:55:04Z,-33.63351667,146.60375000,747.00,,,,,,
2712,2017-01-04T05:55:09Z,-33.63338333,146.60246667,755.00,,,,,,
2713,2017-01-04T05:55:14Z,-33.63338333,146.60138333,753.00,,,,,,
2714,2017-01-04T05:55:19Z,-33.63321667,146.60021667,744.00,,,,,,
2715,2017-01-04T05:55:24Z,-33.63305000,146.59903333,732.00,,,,,,
2716,2017-01-04T05:55:29Z,-33.63301667,146.59780000,714.00,,,,,,
2717,2017-01-04T05:55:34Z,-33.63305000,146.59655000,718.00,,,,,,
2718,2017-01-04T05:55:39Z,-33.63306667,146.59548333,712.00,,,,,,
2719,2017-01-04T05:55:44Z,-33.63300000,146.59438333,723.00,,,,,,
2720,2017-01-04T05:55:49Z,-33.63295000,146.59340000,731.00,,,,,,
2721,2017-01-04T05:55:54Z,-33.63341667,146.59296667,737.00,,,,,,
2722,2017-01-04T05:55:59Z,-33.63355000,146.59336667,742.00,,,,,,
2723,2017-01-04T05:56:04Z,-33.63330000,146.59376667,743.00,,,,,,
2724,2017-01-04T05:56:09Z,-33.63266667,146.59370000,748.00,,,,,,
2725,2017-01-04T05:56:14Z,-33.63210000,146.59298333,755.00,,,,,,
2726,2017-01-04T05:56:19Z,-33.63216667,146.59210000,755.00,,,,,,
2727,2017-01-04T05:56:24Z,-33.63270000,146.59155000,763.00,,,,,,
2728,2017-01-04T05:56:29Z,-33.63313333,146.59156667,763.00,,,,,,
2729,2017-01-04T05:56:34Z,-33.63321667,146.59195000,764.00,,,,,,
2730,2017-01-04T05:56:39Z,-33.63276667,146.59226667,767.00,,,,,,
2731,2017-01-04T05:56:44Z,-33.63206667,146.59183333,770.00,,,,,,
2732,2017-01-04T05:56:49Z,-33.63166667,146.59095000,780.00,,,,,,
2733,2017-01-04T05:56:54Z,-33.63183333,146.59005000,783.00,,,,,,
2734,2017-01-04T05:56:59Z,-33.63226667,146.58978333,785.00,,,,,,
2735,2017-01-04T05:57:04Z,-33.63230000,146.59021667,788.00,,,,,,
2736,2017-01-04T05:57:09Z,-33.63176667,146.59033333,786.00,,,,,,
2737,2017-01-04T05:57:14Z,-33.63116667,146.58958333,793.00,,,,,,
2738,2017-01-04T05:57:19Z,-33.63108333,146.58856667,803.00,,,,,,
2739,2017-01-04T05:57:24Z,-33.63143333,146.58793333,800.00,,,,,,
2740,2017-01-04T05:57:29Z,-33.63175000,146.58811667,801.00,,,,,,
2741,2017-01-04T05:57:34Z,-33.63160000,146.58850000,805.00,,,,,,
2742,2017-01-04T05:57:39Z,-33.63103333,146.58853333,806.00,,,,,,
2743,2017-01-04T05:57:44Z,-33.63043333,146.58783333,812.00,,,,,,
2744,2017-01-04T05:57:49Z,-33.63030000,146.58686667,816.00,,,,,,
2745,2017-01-04T05:57:54Z,-33.63058333,146.58605000,821.00,,,,,,
2746,2017-01-04T05:57:59Z,-33.63101667,146.58553333,820.00,,,,,,
2747,2017-01-04T05:58:04Z,-33.63138333,146.58568333,819.00,,,,,,
2748,2017-01-04T05:58:09Z,-33.63130000,146.58610000,820.00,,,,,,
2749,2017-01-04T05:58:14Z,-33.63093333,146.58645000,822.00,,,,,,
2750,2017-01-04T05:58:19Z,-33.63058333,146.58681667,828.00,,,,,,
2751,2017-01-04T05:58:24Z,-33.63038333,146.58721667,827.00,,,,,,
2752,2017-01-04T05:58:29Z,-33.63053333,146.58761667,826.00,,,,,,
2753,2017-01-04T05:58:34Z,-33.63095000,146.58741667,814.00,,,,,,
2754,2017-01-04T05:58:39Z,-33.63111667,146.58650000,817.00,,,,,,
2755,2017-01-04T05:58:44Z,-33.63105000,146.58548333,815.00,,,,,,
2756,2017-01-04T05:58:49Z,-33.63095000,146.58443333,812.00,,,,,,
2757,2017-01-04T05:58:54Z,-33.63096667,146.58333333,809.00,,,,,,
2758,2017-01-04T05:58:59Z,-33.63091667,146.58223333,811.00,,,,,,
2759,2017-01-04T05:59:04Z,-33.63096667,146.58120000,812.00,,,,,,
2760,2017-01-04T05:59:09Z,-33.63106667,146.58018333,814.00,,,,,,
2761,2017-01-04T05:59:14Z,-33.63120000,146.57913333,812.00,,,,,,
2762,2017-01-04T05:59:19Z,-33.63138333,146.57816667,810.00,,,,,,
2763,2017-01-04T05:59:24Z,-33.63150000,146.57721667,808.00,,,,,,
2764,2017-01-04T05:59:29Z,-33.63153333,146.57623333,798.00,,,,,,
2765,2017-01-04T05:59:34Z,-33.63143333,146.57521667,782.00,,,,,,
2766,2017-01-04T05:59:39Z,-33.63150000,146.57413333,770.00,,,,,,
2767,2017-01-04T05:59:44Z,-33.63170000,146.57310000,766.00,,,,,,
2768,2017-01-04T05:59:49Z,-33.63188333,146.57213333,758.00,,,,,,
2769,2017-01-04T05:59:54Z,-33.63206667,146.57115000,747.00,,,,,,
2770,2017-01-04T05:59:59Z,-33.63230000,146.57025000,750.00,,,,,,
2771,2017-01-04T06:00:04Z,-33.63263333,146.56935000,739.00,,,,,,
2772,2017-01-04T06:00:09Z,-33.63283333,146.56828333,732.00,,,,,,
2773,2017-01-04T06:00:14Z,-33.63301667,146.56730000,724.00,,,,,,
2774,2017-01-04T06:00:19Z,-33.63326667,146.56626667,715.00,,,,,,
2775,2017-01-04T06:00:24Z,-33.63356667,146.56526667,705.00,,,,,,
2776,2017-01-04T06:00:29Z,-33.63395000,146.56438333,699.00,,,,,,
2777,2017-01-04T06:00:34Z,-33.63423333,146.56345000,683.00,,,,,,
2778,2017-01-04T06:00:39Z,-33.63433333,146.56241667,667.00,,,,,,
2779,2017-01-04T06:00:44Z,-33.63423333,146.56143333,652.00,,,,,,
2780,2017-01-04T06:00:49Z,-33.63388333,146.56053333,637.00,,,,,,
2781,2017-01-04T06:00:54Z,-33.63350000,146.55956667,622.00,,,,,,
2782,2017-01-04T06:00:59Z,-33.63313333,146.55860000,606.00,,,,,,
2783,2017-01-04T06:01:04Z,-33.63281667,146.55753333,594.00,,,,,,
2784,2017-01-04T06:01:09Z,-33.63251667,146.55653333,583.00,,,,,,
2785,2017-01-04T06:01:14Z,-33.63210000,146.55556667,573.00,,,,,,
2786,2017-01-04T06:01:19Z,-33.63170000,146.55460000,560.00,,,,,,
2787,2017-01-04T06:01:24Z,-33.63136667,146.55356667,553.00,,,,,,
2788,2017-01-04T06:01:29Z,-33.63101667,146.55253333,538.00,,,,,,
2789,2017-01-04T06:01:34Z,-33.63075000,146.55141667,523.00,,,,,,
2790,2017-01-04T06:01:39Z,-33.63045000,146.55025000,511.00,,,,,,
2791,2017-01-04T06:01:44Z,-33.63003333,146.54918333,497.00,,,,,,
2792,2017-01-04T06:01:49Z,-33.62950000,146.54828333,486.00,,,,,,
2793,2017-01-04T06:01:54Z,-33.62886667,146.54763333,477.00,,,,,,
2794,2017-01-04T06:01:59Z,-33.62836667,146.54678333,472.00,,,,,,
2795,2017-01-04T06:02:04Z,-33.62806667,146.54575000,470.00,,,,,,
2796,2017-01-04T06:02:09Z,-33.62783333,146.54471667,464.00,,,,,,
2797,2017-01-04T06:02:14Z,-33.62780000,146.54368333,457.00,,,,,,
2798,2017-01-04T06:02:19Z,-33.62793333,146.54261667,448.00,,,,,,
2799,2017-01-04T06:02:24Z,-33.62808333,146.54150000,430.00,,,,,,
2800,2017-01-04T06:02:29Z,-33.62820000,146.54031667,418.00,,,,,,
2801,2017-01-04T06:02:34Z,-33.62850000,146.53915000,397.00,,,,,,
2802,2017-01-04T06:02:39Z,-33.62875000,146.53780000,381.00,,,,,,
2803,2017-01-04T06:02:44Z,-33.62875000,146.53648333,373.00,,,,,,
2804,2017-01-04T06:02:49Z,-33.62873333,146.53520000,366.00,,,,,,
2805,2017-01-04T06:02:54Z,-33.62878333,146.53396667,357.00,,,,,,
2806,2017-01-04T06:02:59Z,-33.62881667,146.53266667,344.00,,,,,,
2807,2017-01-04T06:03:04Z,-33.62881667,146.53145000,342.00,,,,,,
2808,2017-01-04T06:03:09Z,-33.62890000,146.53025000,330.00,,,,,,
2809,2017-01-04T06:03:14Z,-33.62900000,146.52905000,315.00,,,,,,
2810,2017-01-04T06:03:19Z,-33.62911667,146.52788333,305.00,,,,,,
2811,2017-01-04T06:03:24Z,-33.62933333,146.52671667,296.00,,,,,,
2812,2017-01-04T06:03:29Z,-33.62963333,146.52556667,288.00,,,,,,
2813,2017-01-04T06:03:34Z,-33.62983333,146.52441667,278.00,,,,,,
2814,2017-01-04T06:03:39Z,-33.63003333,146.52338333,261.00,,,,,,
2815,2017-01-04T06:03:44Z,-33.63033333,146.52180000,256.00,,,,,,
2816,2017-01-04T06:03:49Z,-33.63053333,146.52056667,246.00,,,,,,
2817,2017-01-04T06:03:54Z,-33.63091667,146.51913333,233.00,,,,,,
2818,2017-01-04T06:03:59Z,-33.63181667,146.51875000,216.00,,,,,,
2819,2017-01-04T06:04:05Z,-33.63246667,146.51938333,209.00,,,,,,
2820,2017-01-04T06:04:10Z,-33.63273333,146.52005000,206.00,,,,,,
2821,2017-01-04T06:04:15Z,-33.63270000,146.52071667,200.00,,,,,,
2822,2017-01-04T06:04:20Z,-33.63263333,146.52130000,196.00,,,,,,
2823,2017-01-04T06:04:25Z,-33.63258333,146.52168333,198.00,,,,,,
2824,2017-01-04T06:04:30Z,-33.63253333,146.52178333,200.00,,,,,,
2825,2017-01-04T06:04:35Z,-33.63253333,146.52178333,199.00,,,,,,
2826,2017-01-04T06:04:40Z,-33.63253333,146.52175000,199.00,,,,,,
2827,2017-01-04T06:04:45Z,-33.63255000,146.52175000,199.00,,,,,,
2828,2017-01-04T06:04:50Z,-33.63255000,146.52173333,199.00,,,,,,
2829,2017-01-04T06:04:55Z,-33.63255000,146.52171667,199.00,,,,,,
2830,2017-01-04T06:05:00Z,-33.63255000,146.52171667,199.00,,,,,,
2831,2017-01-04T06:05:05Z,-33.63255000,146.52171667,199.00,,,,,,
2832,2017-01-04T06:05:10Z,-33.63256667,146.52171667,199.00,,,,,,
2833,2017-01-04T06:05:15Z,-33.63256667,146.52171667,199.00,,,,,,
2834,2017-01-04T06:05:20Z,-33.63256667,146.52171667,199.00,,,,,,
2835,2017-01-04T06:05:25Z,-33.63256667,146.52171667,199.00,,,,,,
2836,2017-01-04T06:05:30Z,-33.63256667,146.52173333,198.00,,,,,,
2837,2017-01-04T06:05:35Z,-33.63256667,146.52173333,198.00,,,,,,
2838,2017-01-04T06:05:40Z,-33.63256667,146.52173333,199.00,,,,,,
2839,2017-01-04T06:05:45Z,-33.63256667,146.52171667,199.00,,,,,,
2840,2017-01-04T06:05:50Z,-33.63256667,146.52171667,198.00,,,,,,
2841,2017-01-04T06:05:55Z,-33.63256667,146.52171667,198.00,,,,,,
2842,2017-01-04T06:06:00Z,-33.63258333,146.52171667,198.00,,,,,,
